41011
41005
41015
41016
41017
41018
41026
41048
41051
41059
41070
41071
41069
70819954
41074
41076
41073
162570360
41080
41085
41105
8172
41130
83402941
41152
41154
41161
2400461
25206994
8187
101228782
78160114
41270
41276
31498559
14197059
41285
8206
41292
41295
114336083
41387
41391
111714739
22585791
55353795
43295178
41420
41419
8235
47751665
41481
41492
116171289
41510
41578
41589
82354825
137929374
8275
123511470
86549167
68419721
86811346
41686
41707
41710
8293
91005695
41732
115647240
85500693
41756
41761
41768
96248618
90219321
41790
17343304
87335770
168338277
41848
137929606
41898
41928
88908758
53519325
41953
100180963
88384512
62170114
41990
15770648
132424730
42019
122987565
60859460
22062156
29140047
42067
62170223
42107
42109
61383806
42111
42132
8375
42146
121676973
106472621
25994417
26780851
42175
42177
79209690
77898979
42216
42221
110404853
42250
42278
136095018
42282
42284
150775091
77636920
143656812
136357212
42340
84452721
42357
128755083
42402
73180597
42432
153920968
42449
42468
42471
42473
42476
42482
91006463
130328096
42532
42535
42545
101230152
42577
15771225
42588
8431212
153921136
42610
42608
74491514
8472
42645
101230237
152872606
32810689
27829958
44607180
29140688
42704
59025119
28878565
93365990
101230316
42730
42734
42739
92317437
63743771
8504
42793
26781504
101230415
42847
42848
8517
42862
125609839
101230450
40413058
101230467
42901
140289942
42902
42917
76851111
101230507
42948
42972
108570589
101230566
101230580
42998
101230584
101230605
72132629
15247384
30713881
19965977
29927461
43047
43052
101230658
76326977
43086
43117
8573
152873098
54569098
101230733
30714004
25471127
101230749
43175
43176
43179
43182
43187
90220728
30189775
39364829
43237
43268
43277
43288
112240922
58239259
43295
43307
87861555
43325
14461247
43328
120629590
54045019
43354
10266982
43371
135007897
26257780
43383
74492288
43427
43446
43448
132950459
43455
95988164
43475
43482
43484
43508
43538
97823284
100969014
113551930
90483258
43579
101231170
43586
51685961
101231178
101231185
43627
8673
99134071
57191035
43649
101231236
43654
101231246
101231265
43681
43687
43690
43696
43697
101231285
43706
8689
148417247
43745
70298366
86027008
43781
43784
43789
43794
43805
43806
43827
43834
43835
43839
43838
43851
43856
43860
152873825
43874
43880
38841199
43892
44346232
43895
43899
16296829
43904
114338690
90483614
71084969
43949
43956
43959
43960
86027211
43982
43996
44007
79473656
101231610
44026
44028
44038
139504660
44056
44065
73968677
114601006
44079
26782777
44088
44096
44097
24685639
44112
44118
44119
129543258
44122
26782812
44131
44138
44140
44161
78687364
101231754
44172
44185
44191
44228
44229
44236
44257
44259
44264
44267
168340723
51424502
44294
44299
44300
76328229
84192551
90746154
15510839
44346
44348
44354
44355
44366
44382
58502498
44389
44394
44395
44397
101231983
44409
101232004
18394517
101232029
44462
44467
37006779
101232061
101232073
28880345
101232091
44532
101232119
101232127
101232131
101232136
44556
23375376
44561
101232149
44569
93367851
48016958
101232193
101232211
101232213
92319340
14724720
101232240
101232245
14200437
101232249
101232263
101232272
101232278
58764953
8885
44698
145010338
61648550
101232296
44724
44727
101232313
44729
101232317
44740
44748
64270033
18132691
101232340
101232342
8898
44766
160214759
124825320
44787
44788
109620983
44793
44794
56143616
35434254
111718163
101232406
8909
101232430
44868
100970312
101232458
31502162
44885
85503848
89960301
56668014
44922
44920
44929
44933
44935
101232524
101232525
44937
127446928
101232529
44938
44943
44947
44948
44950
139505568
44954
44962
44966
52998060
44969
101232558
44970
44971
44975
44979
44983
127446971
45001
41201623
45016
45029
45034
45039
45041
14725107
57716723
45044
45050
45053
45059
45062
45067
45069
45074
115126294
45077
45078
45079
45082
45095
45104
45109
85766203
45126
45133915
116174972
45181
45182
45198
8991
18088792
9001
84979951
76329199
45295
9004
10793242
54571299
9013
75280710
25997640
70299979
45387
26259796
45394
45442
67416458
45468
45492
26259908
78426579
45539
46969322
141603314
45592
45595
45596
55882282
168342062
14463537
71348802
96252542
129807002
45728
118796961
45730
45738
75018938
45755
45756
45758
45754
138719949
45774
45794
5550822
100709127
45842
87077658
80524071
37270317
45884
168866622
89961285
100184904
72135502
30716751
45910
38581080
63222619
45922
88388454
45929
33600372
98874234
45946
45952
45957
45960
45961
45965
9137
45972
45974
87339933
19706783
50115487
19444649
45991
45995
118272944
109360056
34386874
46027
46028
46033
83669971
46040
46048
46055
99922922
46059
17347572
46074
46075
46077
46079
46084
46087
46089
46094
46096
46106
46107
46110
46112
18396194
46114
46116
46118
46131
9169
46138
46140
46142
105690178
46157
46158
46159
46162
46167
46168
46169
109884515
64795751
46177
46184
46198
46201
46202
46204
46205
46208
46210
46214
46216
46218
46219
46220
46221
46222
46224
46225
46229
46228
46235
130069664
46237
46234
46236
46240
46241
46245
46254
136623280
46256
46258
46259
46260
46262
46265
46268
46270
46271
46272
46274
147895493
46278
46280
124826828
46290
88388829
46305
46312
46321
46322
46327
39105785
46324
46339
85767433
46355
62436631
46362
116700447
46367
46369
29406503
46378
46387
114603319
26785080
46401
46402
46406
46420
50640218
46426
46433
48805224
46447
46466
46477
63485335
162575770
87340444
136361376
154449325
44873134
89961920
46529
173323726
18920912
125089265
46579
43300343
133477881
91534854
46591
9262
46604
9264
46608
46609
46633
107001386
46634
46638
46640
46644
46649
46657
46658
46674
46684
46687
46688
46690
46692
46694
46697
53261946
104117885
134264482
46757
33339092
15513314
46831
91535092
87340789
46847
46872
46875
46883
101234472
46898
81049403
38582081
105953099
16824151
46935
165721958
34387822
9338
54572943
74233756
118798241
138196924
9350
84981726
20494303
104904678
47109
47111
47122
47124
46970901
71874590
30717986
128235577
47183
26785878
103856240
47216
47221
87341180
54311061
98351257
18921642
28358843
46184658
47317
15251670
52476157
107526416
32815376
51427606
47398
47402
47409
63748409
9426
47440
47439
79214949
134265196
96516463
47476
89176452
47494
14203281
47508
47517
17611171
47538
47556
47570
47594
47600
47605
47608
61913604
96516622
47629
47632
47636
47675
47678
47680
47682
47684
47694
47703
66894427
47709
66632287
66894447
47728
47748
47749
85768840
47758
157334165
47765
47775
66894501
47782
94419630
47790
92846828
47857
131906295
47871
47873
47908
111196981
104643384
47937
140295017
9536
47979
48000
48008
48012
48019
36486077
35175357
105954242
48087
48132
42253318
29146126
61679
15252533
122469442
36748363
102284364
9581
78429266
116964436
19184729
48251
29146248
9593
66894989
9594
48270
93895830
9596
48296
164150442
48298
62700718
48306
48308
99400907
48331
48336
48338
18660564
48344
48349
48352
48354
16825586
136625397
48397
48398
25214228
48409
91798833
66895153
48447
64273736
16825673
27573581
96779601
96517465
159169921
48522
48536
48541
48557
48560
48570
48574
94420441
114605547
66895342
9668
34913800
48670
9674
48677
71089713
48709
66371156
128499315
19709582
48021143
48794
96517812
54574781
87604935
90226392
48859
48870
89964274
128237300
95731450
44875519
48899
48916
48941
145538883
122470222
48978
48986
48994
48997
61390705
9741
39370632
24690570
44089250
127713193
37273526
84197311
9760
110936020
84721628
9762
9765
49138
133742615
49177
49179
49185
49189
89964591
114343985
39895089
49206
49207
134266937
49225
16302158
92061786
49257
168870012
49278
49280
86556804
49292
49298
149995669
54313110
94421153
145539249
49354
49358
110936271
103858384
71876816
49362
49368
49369
49372
43565283
49374
49377
43827432
49380
49379
49386
49387
49388
49396
49398
49416
111198483
49447
49466
49467
148422972
49468
49469
49472
49476
49478
49479
49480
49486
49487
9837
96256364
49516
134267248
49523
49524
49528
49529
47235456
49537
49540
49545
109887885
49547
49556
49558
49561
49565
49574
18661799
140296616
49594
49598
49602
49604
66896341
49661
70566402
96518665
49673
49681
49685
49692
49695
49697
49698
49699
43827756
49732
157073995
49739
49741
49742
83673699
49771
49773
49784
99140220
15254146
49794
49810
49811
88654484
102023832
107266719
81576612
49832
49850
102236300
49875
9914
9915
150520549
9918
49909
49957
49979
49988
49989
91013959
49991
49995
49996
49999
27575139
3720101
50089
50091
21021616
50094
74499003
105956284
94684093
134267859
97829858
25215980
127714289
9979
127714337
146588712
116966448
130597951
33866833
100975712
123782282
96519315
62178457
50332
84984995
50339
127714488
10010
50363
50364
32031940
118539480
127976679
50427
50437
127452437
127714600
50481
50495
75547998
123782516
96519543
69518726
30983582
114607523
167036342
65062342
80528862
50656
50657
110413299
50679
50682
50684
50696
102024724
50708
50756
50770
50777
10098
50819
116967049
50825
50828
50644627
33605280
50847
50865
50869
50876
109889247
15517425
50929
22071038
50957
55887635
50967
55625519
50992
68470595
24692567
82888542
93112160
44877697
51079
51096
69781401
51110
51113
31508401
51142
51146
35964878
123783141
72140781
51185
124569610
33081372
18401319
109889589
70043706
67946565
147638346
51295
81053796
25741415
135579773
51336
17352859
133744799
26265761
51372
51376
51386
91015357
101501124
51405
51424
51426
25479404
50383084
51434
106744050
141871365
54577434
51488
51496
51495
51502
51510
51521
107268424
134007114
51532
51534
51536
51540
51541
51549
51551
18139492
51555
51560
51561
51566
22333810
51571
51575
105433467
51956105
150260135
120375723
51675
51673
97044962
65587691
51707
51724
92064273
40946229
30198344
51787
51790
59296346
147901019
143182440
105433706
128502388
51840
51867
51878
51886
81316543
76597961
132696778
23120596
117230327
44878606
29936416
60082981
52005
54315816
136891230
60083062
52086
52090
52100
48548749
94686097
14470037
52137
85248943
79219659
37276643
24169457
99142673
153406490
168348710
52274
52288
52289
108842057
88919138
52357
52360
52364
102026396
99142818
52383
126667967
52414
68472002
52422
52425
100977876
52477
52476
52480
115133698
41733393
22072638
91278671
52576
87084394
92851566
52589
56151443
128241069
132173237
166776259
52680
57986508
52705
18402786
68472322
117231121
103337504
102288949
52817
52824
44879479
76861048
117231239
89968287
52919
52921
106745536
52934
19189449
70831819
52944
52946
52960
136105697
98881254
52987
52988
53005
53012
53018
53024
34918178
53029
53046
53051
53052
53064
138727248
108318559
19189600
136105861
43044749
52481942
53150
53149
53177
15736656
53188
107270100
53209
53210
53268444
53212
13684702
53215
10577
53214
53217
53218
53216
53220
53219
53222
53221
53224
53225
53226
53228
53264
53266
53269
137416732
18403379
53306
53308
53316
43307082
53334
162844762
10603
62443620
53347
53349
53350
35180649
53354
53364
53358
53378
53379
53391
73978012
58773667
36753575
102289582
53435
108318910
88658116
155504844
59822328
103076144
128766293
53637
116183459
53681
88134069
93114811
35705306
150524382
140038626
53739
53771
74764827
53796
134009410
39375433
138465914
97309308
53895
53898
53899
135844528
132698809
139514575
53985
21025508
53997
29414135
100193026
140038919
25219859
54048
54050
54051
54052
150786854
139514664
54056
111727403
78435120
54064
54065
53793591
99144504
54092
102290258
84202329
19452762
36492122
77124466
48550784
118805390
123786155
73978823
54219
24433621
50123753
55628784
54257
54285
63755306
102290489
33346621
20501572
54348
54361
54369
54389
14210174
152884363
100979862
29414555
140039330
63493307
54482
90232034
54508
140039407
21812482
54584
35444035
89970009
25744752
88397197
110679470
105698758
22336968
140039635
62182897
93378033
96523772
132699661
28890639
167040530
18929177
60347950
23647823
17094230
30201444
118806122
93378156
122214000
14472839
22337219
96261830
118281937
31250130
141088494
87348996
61396748
64542503
157865780
49076029
83941188
55108
10960
112252781
135845743
30988153
55178
49600397
50649023
55279
55299
55305
66377772
55340
55341
31250494
55356
55369
29677643
55372
55373
55374
55378
55386
16832615
55402
55411
55415
55417
55424
55432
104388811
55527
96524526
55562
78174499
87087396
128506149
32299305
14735673
131389790
138991969
128244071
139516268
68213150
65591716
82106792
66378174
52746698
107796958
134011372
51436020
48552450
122739213
55822
118807078
89709126
55930
120904349
103602848
16833212
17881793
72407750
17095371
120904413
120904417
120904422
89971460
120904458
53795596
120904464
36756277
34921296
127458133
120904558
54057847
33872801
18144166
96525230
77126589
150002635
120904661
34659289
120642531
23911408
56306
159964177
56337
56346
56363
113826875
128506943
120904770
75553897
40164463
120904823
36232312
81845385
134012062
59825338
56507
56506
51174601
53271759
54844636
56541
11241
144497914
71621907
56591
56596
56597
25222432
19455271
71884072
69786979
56677
132963686
27581856
56739
100982204
89447874
97574347
56942050
140041699
16571883
