109964792
76934665
144043540
78507543
15855162
34467409
130412138
25157
25158
88469133
143257260
73002678
91352783
92925700
98168580
107081482
90566411
117829390
61206295
114421535
103935780
109440816
54652728
57798477
60944208
85323623
73789292
25210
33157005
23981988
26341294
144306118
173404110
16379865
68022235
86634462
37089248
119402489
34730015
139587619
29487159
103673917
33681554
135393455
22409415
16380110
96858324
80081135
25298
54653267
90042720
30273915
95947228
15331740
127529377
94237121
75362778
123335140
18739701
22671880
109179403
89256481
14807631
44429948
93975170
158462604
21623452
38400681
165540548
31060709
121238265
157414184
17429290
69595970
41284423
25405
17953614
14545772
125432698
105247615
83227551
55702487
60421091
16380911
17953779
144831523
80344138
45741135
140637273
37090427
78771324
25470
71955615
19789028
27391233
75625760
163706145
131986758
118617422
68285777
94238034
166589786
111277409
68810082
36828523
171308396
93189537
62518708
75888068
98694596
17429957
114685387
95024621
75101685
165017086
75101707
96859666
75101745
31585894
53343867
53606019
75101827
75626118
90568381
88209088
136443590
93189836
144832215
17168105
81131243
96859901
111277834
107083533
124122910
136443696
89519928
68286268
106035039
124122997
33159104
120453058
132249569
109967370
81655845
119666748
155318335
61208659
124123231
105511007
53606516
48101507
18741389
95287438
114686134
37877960
69335307
77723917
21362960
21887301
77199728
25718
124123522
157415812
59111812
118618523
106559944
156367384
152173107
101055041
25775
118356626
54655678
129104589
94763828
55180087
165018462
24771431
129104762
67500929
30276488
44432318
129629122
99744711
21625809
82443251
91356148
98171895
134609923
41286675
115997715
16645142
92929057
141425713
19266648
39976055
163970240
67239231
122027331
136445252
89783634
77987167
124386657
27131233
101842306
25296302
50200005
26082763
136969675
102104553
80870909
121241093
87162410
112328275
93978197
20840026
94240372
118619769
137756281
80346759
71958158
107085455
69074591
28704439
99221176
24248030
44957440
64093957
99745554
90832663
28442397
8257322
76676912
45219637
87424832
46792518
6422382
53084096
25296845
80609235
96075733
128843745
123338753
29491212
65667085
43122703
18743311
165281860
46792787
99221605
60424298
105513071
22675579
100794509
101843124
115736767
25821390
46792975
70385965
88736070
95289676
160563536
113115494
68551031
62259622
100532650
42074552
42598844
139592123
26140
100794826
28705264
23724542
100270602
31588915
22676036
30540361
152175224
79561384
19006129
54133426
170263224
119669440
84017856
92668623
83231502
20579141
61735750
38667084
76415856
85590896
69862274
143000483
91358128
98436021
75105219
75105224
93979606
50987996
18219999
35521507
76415972
124126231
74318875
26608673
141165602
14812255
163447920
32900220
85066914
46531754
67503294
121242814
107087047
24511688
131990738
131990740
44958957
87688431
84018437
16647453
33424889
131991054
108660317
150079094
17172103
63833746
112330390
61736609
129107624
61212333
100796087
60950205
15599308
97388270
149817077
81659645
26429
158467987
37095336
77727659
36833297
139331658
91359330
26479
61737099
43911326
139593886
26347691
64096440
37882044
121768151
26509
161614123
33687891
61999466
28445106
34736565
128584136
129108456
64883189
90835446
100796941
45746705
102631967
142740012
36309554
104991327
28969592
24775308
104991395
89262756
128846532
67767020
83233520
84282096
29756159
126487362
44436302
129108823
109710181
26635
19794839
26642
120720285
107088811
35785650
51776560
39717941
75369529
143002681
151391316
23727217
107613297
98700414
46009515
105516234
25300183
93195496
96341239
54660361
34213147
18746654
43126091
106040703
27135384
168955290
123342235
26348974
102108624
110497246
20319730
130420219
146411009
65146383
75632160
103681591
96603715
113643184
19533502
140119755
29360883
109973234
659203
44437304
91623262
152178535
57282407
103681895
123342703
114691966
129109886
107089838
75108285
114692032
114954199
81137628
119934977
62001157
28184633
106303560
107614283
103682165
27398269
58331288
145887429
147460298
65409226
69865695
123343081
26349825
90837259
16650508
135401749
19009827
147460394
82448686
16388401
84545843
37097780
102109504
66982212
63836489
52302153
50205026
143528308
75108835
86905315
81924612
96080426
20582973
16650833
64361042
47845992
94769771
26991
77730435
107090582
91624086
30282392
170267296
109187747
136188592
660183
25563948
154276652
24253230
111809332
77206334
76419904
27032
22156104
27034
33952639
73798539
96080779
150344595
84022169
155325342
39195595
123343821
102110176
17437674
27065
22942713
162927614
13243392
94770200
27074
19797078
67769447
60167282
81925239
109712527
96081070
28972226
145102072
22156541
106042628
72226058
124130583
44963097
67245356
66458963
132519274
27141
40506765
14554554
86906390
50992694
16389726
80877183
35264188
38934231
140383978
69080870
153753386
85595958
27236
139597643
147461984
6690662
111024040
135665584
32905177
17176565
9836582
97392693
28186681
60168263
15603833
94247047
138287245
79304894
29759693
122034386
68032725
27324
123083016
135141645
37099803
128588104
166861135
89266513
75110753
75110769
118888875
106568136
91625940
27366
118626783
27368
20060684
34740761
22419996
131734060
100276789
118626871
103684663
51780173
11410012
113908328
96082580
112597676
113121981
33954511
23206617
74324718
118627069
52566811
145365823
48634723
97393512
103160680
161618818
96869250
22158221
135666576
94509970
155327392
156638128
151657502
74325043
130423866
58596423
98966698
91626722
61218037
43916534
152182009
102374691
51256614
166862124
101326163
23207287
70655359
105520519
103685523
84286883
95296948
23469548
19799548
51518995
94248498
17964594
102899254
101850723
8789632
38936195
96345798
89530107
35004162
18226957
50732843
64364335
70917936
166076215
41295672
103685951
42606407
14294909
62267330
128589795
103686163
87171091
41295922
105259058
105259078
90054740
100802649
127017053
111288418
28975208
71442539
164765811
13770892
68296844
129638621
44441848
62005509
20324620
37364016
16654655
19800386
101851484
87957872
63176789
147988924
25043394
123347409
130425325
50733561
166863359
48112148
129114731
130687632
55714455
34480805
91366065
130425523
42083048
52044575
67511076
122037132
42869647
101589922
145630116
121512893
67773402
102376447
110765064
68559886
67773464
60695590
86909991
46539824
15868980
54404165
126756011
89007278
39462066
72230072
17704139
130163923
63317205
92415200
64627948
17179907
104998180
57812261
103949612
22685000
129115495
16131474
56763806
21636535
21898684
127280608
18228711
44443114
19015148
103163372
33582413
103425529
100279815
78259750
42608169
60696195
82192011
125183630
69221005
67774106
80357018
161359532
17704630
28031
44443440
55191454
160835491
100280290
45230114
153757754
62531670
90843229
48638065
48113809
28117
140650661
93464751
90843315
14297271
26093797
108669168
46541059
40249632
21899575
28153
125970768
80357722
42346884
16656784
62269912
29764071
88746479
101329395
35666746
123087384
112601646
139602511
28207
122563179
153758330
39725702
35269274
18754280
66988799
122825471
111291185
98970464
87960433
128592755
33434494
17968002
35007432
129379381
130165854
65416288
20589665
101854329
32124041
113650827
129641646
85863604
96611611
23211301
50474290
112602443
19541333
90058071
21234357
128855459
33697201
90058176
15609285
14560723
75116016
17444365
67251726
82456171
46280304
90320591
28437
118632171
32124685
129117981
28449
28457
162410316
71184227
154021736
62533486
130953113
53620652
68038576
129118188
28490
37892091
36843542
66727982
162410562
110243906
15872100
81670260
20852865
152711300
100544667
23736501
46280893
28532
74592452
122564886
73543968
17183018
121254191
166867258
50475335
26882379
96350543
69087587
149303668
39989668
36581823
46805444
114176539
64369181
96612920
23212612
31076963
122040941
60174968
96612995
51786384
130429684
106574602
69088037
97923880
64893784
91894636
43398007
29504398
156644249
52835235
153760699
14562244
27931591
19280846
10105822
106312723
12465192
157168695
104215643
136721503
139605159
89535661
16659669
113652959
96089312
39728392
130692447
56767891
91895209
80885208
89798104
46282239
96876045
149829162
18890162
77739633
22951574
96732293
100808400
65943260
18495199
104478515
140916541
80885567
94517127
18233256
17971136
23214040
19544039
24786958
152188943
99498012
147994671
166869083
119945321
147732629
123353258
1456331
140130518
160839904
151664866
122566919
84556073
62535985
24525115
86653256
123877713
27146614
135149942
67254666
26884488
41826721
117848505
17709499
116537840
39205418
38419021
130169421
72497752
41302626
89274978
103692914
21904049
166869693
155335400
28719879
71973644
154024718
156908320
33700650
124402527
65944416
168180625
139606939
37370810
96091069
103693251
143014911
87440456
75381849
65944673
130694294
18234520
163724475
127810772
65682666
118635754
25050362
42876158
95567159
39992649
51789243
95305177
124403162
40779233
87440871
111820272
20856378
28720709
101596771
96878180
29235
63848119
51265232
17448680
60178165
33177368
34225958
144850764
86392656
29278
24526735
59916179
19021755
97402841
90324956
24002548
154288126
97665024
156909572
48382017
101859406
100024399
100024430
137511057
39731367
55722153
111296682
132530435
28459284
77742409
150094157
112607580
59392373
68567453
166871474
67781045
143540703
91111905
154288680
40518273
28459652
45499012
127288021
69354215
16663279
65946371
106840835
18760460
89277230
64635713
30294865
59654996
14566242
76432270
96879506
146686877
120472543
87442400
60179443
92423180
96093266
40256617
139609193
107365486
64636053
116016321
29559
33703163
114705704
73024809
159794501
22693251
166872490
27411885
96880062
92947925
80216361
166872584
66733582
23741983
74860074
55985778
121783953
149833368
125978305
94258898
26363617
104482539
48645873
41305854
85608192
43140869
21907226
76695330
110511954
47597408
89802597
37898108
16402338
49956783
28723136
101074893
100812784
69355512
24791053
28461083
89016361
73287728
86394978
37898343
60442757
27279694
40257684
173689033
76171470
96356612
28985607
24529169
48384297
92424507
74860864
92686668
115231080
73025929
17975691
109463952
152717733
156387777
29806
29808
119949795
99240422
49433064
40782313
35539438
114182642
149047817
101075482
57297481
37374538
63326803
138824285
26888804
73288293
55462512
46287475
157698708
89541310
69356227
138562247
74599125
41568985
113658592
118639339
105532177
114182935
44190511
108153697
15879024
152718215
20859805
114969512
90852305
45763542
26364888
124931107
119950430
54938722
83774567
152194170
89017484
55725219
79318189
29957
92949729
39996686
102124821
111562008
75910428
93736226
54938915
81415488
61230411
150097242
94784861
112872806
105794923
73813412
135941551
16403903
46288321
33705455
92163572
34491923
22171157
62541341
80105002
165301804
84561481
30039
14831270
107106013
124407557
30075
30078
30079
30080
132534065
30082
136728383
30086
119951204
49696615
49434478
30094
104746892
118640527
26890136
99241895
79843292
22958069
158224393
107106375
66211938
30144
41832572
120475773
110514302
121524441
63590658
76435730
128864539
20861247
111563078
51794249
91640140
129913191
30197
93213066
47600037
71979445
30213
30214
14045692
54153731
86659596
30228
51532359
105382818
21910126
123622027
76698256
98456232
73290418
26628802
60969714
40784639
130437898
58872603
143020833
62542672
163992407
20075363
79057777
82727847
42095533
166876107
45241310
79844346
107369529
33707086
87446618
30346
30349
107631737
30350
80368809
18502853
29512930
50222310
20337947
65951016
119952682
96097600
73028977
152720756
25056629
145380725
118642084
71980463
30416
49436105
55465433
139613664
116545000
59659793
24794664
119690796
39736882
77747774
132798016
30449
36853390
47863447
30459
102651558
94000814
173692600
57824956
53368512
30468
30469
46814937
48649965
157701889
16930567
162420493
102127381
89020183
72505112
67000225
60970956
23746532
44718054
55203817
93739001
80631844
14833707
158488630
96884821
122837134
75651225
30561
143022255
48650425
115235028
154294499
119953683
137517339
16931101
25844052
26630488
28465513
91117936
63330702
30615
50747838
78797284
30562789
98982385
21125618
11164152
18242076
78797343
16407082
135420490
85088878
34495112
141974212
114449094
144071372
35805946
30680
49699587
87710501
17718056
59923244
100817731
153770821
78797652
85613397
160848733
106060644
41835365
30709
98982800
78797731
145906596
124672937
52583345
53369790
112090078
19815470
37379138
80108639
101080164
22174835
30759
152460438
139615408
60972221
89808082
101342451
129916162
30786
44195141
49175900
86400405
90332584
109731270
91381231
40263175
60972560
25058865
49176123
139615877
30861
132800138
30864
161635992
30301855
30867
135421620
124673730
28204756
135421654
68574940
39739103
159801056
123363072
89808648
100818712
62283555
166879019
75390769
62807917
17981304
39477131
70410127
49176492
102129659
89022461
135421960
121528363
15097936
34234450
159801435
150888540
135422052
30958
120217727
89546887
107634841
23224482
30302397
160063701
47079642
68837621
87449909
100819268
121790790
31005
81420646
43147632
103965048
160850328
98460102
76177865
139354581
127558138
17195538
81420837
29516343
106062409
69624396
27419221
99770989
41050745
100033160
44196511
114713250
30302926
97411802
101344001
125723403
148792115
31099
151937877
43410272
76178314
87712667
107897786
109470661
135422932
60974055
152724464
141976602
96101412
47342654
132015238
160851116
118645953
163734726
17458377
10118362
149316827
38429919
1467621
100820199
40527099
111568144
124413202
92955925
63857943
102130991
20604219
30041437
51537273
91907462
52848021
132277676
38430125
47080890
68576724
15099352
93218277
31240
106063372
137258527
101344817
151152197
126510667
21128793
81684084
67266173
96102023
66217610
31269
5924492
82732699
105277083
86927016
144860845
140666607
125462296
121268018
14837564
49178451
129394534
167667636
14313415
46294999
114714683
160852033
79063135
139618418
92432557
51538106
139618493
101345497
160327904
101607657
160590124
78014793
62024026
31415
20343153
143026561
35285378
173173125
15886750
73296288
36071861
43936185
26634689
26110431
106850787
111569403
24799772
154561066
43149873
43936343
83782290
69364390
139618995
15100622
121531109
17984238
76966669
61238054
144075590
20605811
153250718
104229817
96365556
94530558
101084176
148532253
29781044
55995448
92433504
29256826
49179783
107637901
82209956
77229283
18771196
101346584
112094496
31611
27159878
29781318
16149836
121531728
105540953
66743670
40004983
161115576
16412093
28995015
81685989
60714509
16936464
131755561
52850249
27422305
156659304
125464215
28733088
15888035
68316853
98201291
119172821
42102520
149057278
52326147
132280113
86929293
102133651
75919262
69889976
95842259
49180653
122580976
97939443
99774481
31755
46034970
66482210
22179928
162951266
13267042
20869234
38170763
49443008
51278048
95056098
109736164
52588792
129659168
82473275
137261420
16413061
147222934
33452448
15102377
112095749
103707144
58094136
109212227
100823712
24539842
46297824
143815394
111833845
42889977
83522299
31617790
21656327
93483810
108426031
53900092
155087692
96891745
15102848
97153920
162427782
53900215
15102934
28472292
95319030
128087033
58356748
84571160
118649922
127562831
128087170
139359431
52851962
90862893
19297594
88241479
122320224
146437533
82998724
121009629
127038958
62289431
129660441
40007208
32067
49182279
24278614
66745952
14317166
93484670
31094435
13792942
71726773
100300482
67270367
53114650
103708448
125466436
20871015
104494979
91387803
49182619
98465721
128350165
88504317
26114054
37386267
38696992
92960804
147486761
53377068
128874580
57047137
129136742
46299239
83785833
15366321
14842048
142244046
95320292
114456831
99514632
21133593
119437600
143554873
101611854
9337172
25065831
9337212
59406787
91126221
47610331
47348191
38173174
40008204
32262
50231826
155089449
28473902
38959665
21658166
139360825
18250299
90864192
98466423
101087882
150370971
139098803
88242881
24279784
143293177
160332540
20977778
22444823
110525212
101612320
10910512
141720379
90340167
144079714
123108199
35814282
16939919
45513617
17464214
98466718
64650155
52591549
32349
52853709
79330257
65436689
22182955
94272559
20085817
44465297
115244207
97680563
26901695
80116934
108952778
141458646
119438576
15891723
33979667
36601114
155352360
58359125
139623794
41844089
17989043
101875145
32461
107642369
69369347
32468
85884455
128876077
63864371
41320023
60456535
59932387
44990203
101613323
116555552
44728113
87457626
128614268
24018837
16940955
101089200
110264244
9338842
90079216
75923537
32931922
102137943
86671458
91390088
116293831
15892695
24281321
100827375
18514170
26902847
111837510
32145739
85885263
102662480
100827492
83263884
34767258
36602277
130449837
17465775
153256387
112361930
97157591
58098149
88769003
17990128
101876310
151421531
23757427
17990286
142246544
14320312
54166222
117080800
53642010
83002160
55214897
100565846
130188130
128877451
17728397
77497262
96896003
22709260
32771
112362565
84313185
19039361
17728645
167937159
152732809
32798
33981660
168985825
40011015
84051214
30573857
87721256
159548777
21661044
21661048
140936567
91915648
72516996
30836110
56264085
32671165
31622624
64914934
150111735
122324493
23496222
62555682
26117667
21923382
55477832
105023090
81692283
41584274
21661338
111052461
109741741
128878297
70682336
49186555
96372482
118392589
32147230
127305522
127829865
32409456
77236139
160597967
111052805
160860212
25593964
92702859
19826835
55216308
67799233
65702116
20351216
33021
127043853
33025
20351248
33026
141461781
33028
30409168
33029
33032
125471027
95848771
16943443
100829524
92440920
90081638
106334653
94538182
21137880
85625339
15108633
64653854
116296266
54430288
51546709
108694108
80906852
97421925
61508203
20351602
109218479
15895229
48138947
104237832
54168365
150637360
17206096
89129537
62819184
148540289
45255561
145132445
33157
33160
141200318
156142528
37915597
33166
33174
76188674
108694576
20876354
56790135
166104217
33209
153259201
99519686
79072458
125734107
96898384
150113622
33244
33246
157453673
140676477
107384203
26119571
96374177
125996509
92966407
97422879
111578660
68587119
20614768
100306569
130453127
135696029
120753862
36081352
58101517
127569688
124161826
83529568
34770815
120754051
119443341
42373011
28741557
66752443
38178757
140677070
20352983
109744088
78811115
48140287
67801099
111841295
110006290
76976158
33722413
69898290
76976183
100831330
79073461
80384184
33415
110792900
87986375
98734284
15372499
114200874
77238581
19829054
119968064
36868438
44208490
100831607
108695944
33458
104239533
78549425
81957310
39227846
101356000
66228733
33480
27955745
18780727
50762303
29790786
25858688
23237249
151425754
38703864
22451037
33198961
88249210
100832130
108958597
22975438
57840590
100832236
122065936
164795419
35034190
18781322
33612
33199262
14849183
19043536
77501687
60986628
89822503
140678449
18257235
63346036
76977569
33672
96376276
19305949
130455017
110794236
77501994
104240701
49190465
85628526
140678769
97425028
89560711
60462761
33722
123115216
91395817
102668050
28219177
91920190
31627075
33749
95065975
85628825
33770
140679100
19568582
147757057
33796
33798
103716931
59938885
82483296
33808
98998420
91658412
116562107
32938186
24811728
139630804
28481761
46831849
90872064
137009410
133077254
123377943
107911461
30316838
90085682
41851191
42899798
17996168
73046414
79862171
97425838
145922506
23239143
20617708
40540691
97950230
96115241
114989620
69900905
21142130
93231764
34511523
25598673
70163165
128621328
160602923
33951
18258773
33959
127048565
37133180
36608921
41851812
147757994
131505073
100572081
33979
63347670
59153367
135699419
27958249
172137527
20356155
139369568
61512810
144612470
116563089
80911511
118660255
87989427
100572348
153787596
140680399
124427489
17210656
30580033
143301953
16948550
32415055
74358127
78814586
118922653
139632037
60464552
58629558
32153020
95854030
90611193
103194108
82222590
34094
111582763
150642219
14065235
78814811
64921212
116563595
85368482
104767163
101883581
90611395
116563656
99000010
71474893
83271379
78814939
65969897
132030188
56794874
52076320
140680998
17211177
21405482
130457388
69115698
2269011
45260636
150642545
116563848
3841961
116563890
83795892
34188
34191
25075734
34197
29007910
116564006
97427503
87203888
20357176
116564039
83796045
17735761
37920866
100573290
87728239
105816193
116564104
69640333
61513868
88776848
39755921
59678878
20095138
74883261
23765182
103719124
102146268
14065888
27435253
116564213
173711611
116564231
140681491
35037460
49193240
54436135
101097769
147759423
116564292
19308878
47358299
116564383
132817319
85631417
42377662
116564419
90612178
71213533
49193448
105816591
164799110
46047888
71738023
12755642
16425663
72786626
116564681
34339
67543795
78029558
140681975
45523736
104506161
91398975
96641864
116564818
74621796
116564901
116564922
34395
113157122
78029833
116565003
139371532
64136212
30843926
31630356
20358179
139633745
116565117
111060100
123905173
116565153
63349926
128099525
19309780
56796390
100312301
118662385
85632253
133080360
16950571
78816575
116565314
164537670
141469021
68855134
106603881
26912105
65185144
48407936
34477
139634082
83535266
27436459
116565420
116565462
141469167
116565521
67020318
54437413
105293363
123381326
106604118
37922395
30844509
124429927
90613360
116565630
39233227
114992915
31368983
103458614
72787771
92186434
25601901
90351508
18524061
91924390
66758566
101361587
47359951
52602836
60991453
56797188
50505754
26126381
22718570
146450540
84060291
117352624
56010932
139372787
127314168
86681861
97691945
77769007
123906357
97429817
26650964
64137564
39758188
110537070
41331086
111847901
104770030
132295214
135703105
78817861
18786919
83536526
97430174
116566691
150121169
75672289
32942831
40545050
76720927
105294640
116566847
116566852
44215120
111061850
101362586
58371008
151694280
35040269
116567057
13806622
116567078
120499288
7777392
49196182
112897204
101362912
168996097
116567310
25341222
52079923
49196375
62303576
147762525
114208118
120761722
116567424
70692227
14855562
39759244
103984556
119451076
44477907
37400068
34908
116567573
107654687
96644687
99004004
26652261
173715049
47099501
62303864
23768735
143830722
70430446
48672510
166375185
22458144
67022625
53129000
25079594
115257130
116567852
70954817
103198550
47886191
116567934
17215395
68071331
32419751
73838515
64663523
86945764
116568043
27176952
94023679
132296733
110014510
116568120
83275850
97431636
52867181
18002076
95858851
34517166
30060719
135704754
47886543
101363929
57061629
24555775
116568332
45789455
79606031
92188968
115257656
44478795
127054161
54178130
139637115
86159749
19837333
15643044
144093646
116568560
116568615
88257087
95335027
169783951
74363567
109753015
17740492
30323406
42644180
13808342
72266461
21934822
116568838
73052956
42906398
58635041
116568910
120238961
115258326
51295211
116569114
102937637
21935156
50771034
14070895
35234
78558333
35236
52343973
94549164
23245998
31110323
151696586
116569300
87209182
92189921
102413542
47101175
78034169
88257830
127055144
31372589
77247815
99792215
75675003
128628129
88257966
52344252
69383646
44217836
81180166
88258072
54441527
159299133
116569688
66238040
140686942
128366181
130725481
101627513
35337
30848651
123909787
40547997
102413986
71218857
113686197
80131768
18003646
157202129
60733139
77510403
94811949
92976950
65713994
64665425
95598433
103987045
11712392
76724108
34781075
116570009
43431862
155367352
129152959
106169531
72792020
116570083
94812134
60733424
38975523
134395960
39761979
121288846
68597940
71743683
104249586
25344245
70695164
51820800
56015115
22460733
160872766
87996742
35305816
14858600
116570504
88521231
138328600
59161114
173718053
25868839
111852102
21412438
118667879
70695570
122337944
107133609
160348843
158251691
116570830
121027283
21674710
76987103
110541575
128105253
124697432
144096089
155368283
116570984
49986429
29801356
56540045
41335751
78822345
122338253
99007452
116571102
111328230
79608893
49462334
150912072
75938903
15121528
94289065
53656765
72793289
78298354
106609909
28753148
100842803
77774152
29277577
88784272
39239065
20888994
48676259
84065700
10403272
29015513
65191387
68599262
132038125
17743342
39763437
67288592
18791976
28229170
123387453
118406725
137543267
14073445
96124563
71220939
128106187
53919467
107658995
27180799
51822370
116571941
18005837
19578710
123125609
92716999
90882016
79871969
101629923
158253024
102154226
122077176
51298326
116572230
35845
65978492
26132651
15646896
118669491
35861
23773423
107135220
113426691
33472794
43958598
78037328
49201489
78561618
150126941
48939368
137019790
79610303
125747687
45531628
139641333
66765304
116572664
46055931
19841545
128107042
48939563
139641406
116572821
64406175
118932154
114213565
38453950
19579595
101368571
116572925
16958235
