70960068
29017032
30589904
26919945
18269213
99271712
118932512
91407407
75940928
83805253
101106760
68338768
68076654
21152897
79873208
14337214
82494657
128107717
108184778
36099
77252018
173721018
36114
24561155
151176736
23250474
50251310
29279824
10667662
85116570
39765669
36161
171361977
38979276
91408121
134399747
118671122
36181
21677853
36186
156762484
48940891
172148575
97175391
108447598
35047289
133613434
103466880
130992017
122865563
36212
52611002
151701434
83544027
144885726
96389131
19843084
75941945
42387533
15911006
36247
21153898
17221783
39241933
18794724
19843308
49203447
157731067
99272964
128895250
70699285
14862631
34785586
42125637
163236175
73582958
38455692
41863585
76990925
106088918
49203686
150129167
18795042
117099068
41077365
57854663
28756703
80136930
20105956
19843820
49203961
111332131
150129444
91147104
85642084
96390016
36418
49204188
71224293
85642282
100846643
111332412
70700120
91671656
38718609
171363497
95866034
36474
118672661
146459937
28757314
41078094
49990997
15650146
46321000
107662709
68865426
92720534
117099928
68865434
123915695
41340375
84856287
59428325
36535
84332050
123129388
36544
19582521
98042584
37670555
44748463
36571
69390025
35573455
63098617
173723395
19844919
49205081
61525944
69128151
26136559
21155836
87478269
54448125
14602269
85643336
82497612
16699481
133877876
160092277
49205382
45273288
127586519
101109990
146985204
36360456
101634351
29020469
21680442
104780093
15913295
30593369
90100062
144363878
140169628
22729127
14602685
84333006
146461159
29807086
46846471
90100246
46322223
24826483
88265355
104518289
53400235
13030072
15651519
15389388
98489040
86692594
54711048
49206025
62051095
43438879
36797
129160039
17224637
36828
40031184
62313456
71488526
124703790
49206365
49730658
106091691
17749179
84071633
40293596
130995465
140170511
101635349
70440217
24565047
115266896
42915153
69129578
87741813
151180674
56022447
111334848
110548420
86169031
73848299
20108790
36942
121558538
84334130
49206884
10409582
92460678
138598042
36972
36976
23254782
108975935
62314316
97703772
18536322
49207188
108451748
37035
29546470
89315307
151443460
62052428
159832184
49207425
148560022
118413475
130996395
36100268
131258542
35313843
73324777
123394334
62052645
159308094
114743615
96917829
78829983
15653285
37146
106879531
38459960
94034492
75160135
57858642
59431512
143055448
37162
57858667
132831881
83024550
49470128
104258243
19323593
97442534
68868866
102423301
83811078
37201
115006317
37217
54451061
33217418
45276045
72801228
71752666
101637101
132832283
59432005
119987276
11983952
44751969
37266
12508272
49208457
128638118
64937139
130473140
34004150
35052757
76995803
106093819
38984991
79093046
42917178
50257231
69131606
107928921
16702812
35577182
23780708
98753893
118676842
46325110
107666818
155901324
96132499
16440729
90889712
44490264
15392308
173203020
159833696
142270089
139648692
83812043
15916779
159833835
81190643
41869075
41344854
153280353
95870833
135978897
41344938
77258674
60219315
76210103
128901052
157999057
75948009
140173300
103735320
140173419
119464050
50520199
101638285
25354436
107667661
130998482
90104037
31645933
79880450
34005274
53404004
20898152
82239854
123920750
52355447
57860486
90366371
155902397
112124375
76734957
26403342
40034866
52617779
18014787
101638729
123134567
77259376
37579
59957922
83288783
132834003
91153114
101638875
121561826
145941224
81715954
37599
42918709
103998267
103211844
58647369
91677536
25879439
98231211
73327562
33481712
58647553
114484236
70444056
104260666
64749788
136242286
145941656
28501162
100328618
25355459
151184582
69133541
107406567
94823659
19064052
55764226
46064921
30860577
37152119
65987973
77522347
84862398
98493907
104523232
37751
37761
25355828
116057665
115533388
87746153
92989052
91940485
129951375
94561956
147515071
63104740
27191042
94300025
95610822
139651028
126805983
67561493
136767511
103475229
32696360
163506282
116582512
123470254
101116075
115534008
67823816
70183114
48687339
28240123
17492219
74639614
37907
37908
55241004
168749383
74639700
121039200
108718432
137554306
162720175
124447196
103737826
37953
73853501
20638273
109767239
92465740
148564647
37994
63892176
106097368
80145116
91941652
59697948
16182052
137816915
45804376
20114285
88533873
79358844
38464385
60222391
14871517
123136991
54455285
66251773
168750084
24833052
83553318
109767727
15395896
40561728
104524922
92204160
47115444
42134730
22473962
41348335
7007492
68087065
73854244
81456429
18541906
162196821
124448095
19852692
68611490
91680167
81456584
148565459
99020247
41086430
107671057
101641772
123137648
100331128
41348771
101117619
28503736
19066557
15736066
120254154
42397402
121302767
21163815
65990529
105312137
132050836
20377514
132050883
132050888
132050896
109506522
96399341
20115443
86437908
118681623
135720994
74379328
141488193
137556045
29028479
105836675
123138195
24047788
33222827
18804919
54718680
27455710
84340976
37679360
140177666
111079686
111079720
37679432
48689504
159838568
38337
35320181
110031227
16183687
88273309
38465958
6222252
116060593
83554753
62058999
30077482
73855535
39252540
58913363
111080048
16970365
124973708
66253456
71496370
86438617
22999871
14611322
100070266
36893564
115536768
16970634
131527575
150139854
53670872
100856868
34796617
72807514
43971703
67564665
98044542
86439115
102167769
42136840
26146063
23262500
14087461
65991978
67302718
143324486
82507090
33486173
38536
79099240
27194752
52884888
106886573
24311267
76215792
106362410
29292077
114488877
15660661
160626293
69138068
99022491
26408613
105576103
106624680
35059368
77002419
104789716
24311549
44234494
128120599
76216093
41613135
80934738
81983334
96401260
101382012
30078856
17758088
21428109
34273176
106100641
111343587
15136744
107673603
83032109
108722257
38687
38688
40564869
88537228
70973597
128383148
51837102
22214846
79362239
21428444
151976167
62322948
14088485
59701568
129956161
72546670
68876658
82246003
48429445
54458759
58390941
88013226
143587772
94566878
52623844
90372600
89586186
88013323
18545183
97450540
21166642
101644856
75168318
88013382
116849253
119470698
14350968
102693498
16448128
88013458
81722002
24312495
64944820
144898790
101907182
23001840
140704499
107674397
110295843
18545448
73857873
52886376
70712237
22739948
15399951
103742501
92732457
18283582
109509700
141491270
99810395
18545766
69663861
158268550
102694031
150404249
46857394
102694085
26410181
26672331
102694101
36633815
76217568
59702499
74120421
18808053
102694136
103742729
19070295
47119727
101383553
135462295
72618650
38956
38961
100859362
77004268
30604786
123403764
40566281
140705318
32964189
32177773
155385475
57867918
111869588
101645978
102694572
105053867
24575664
27197121
97189586
99024597
49741547
44760831
136511259
102694756
111869824
26148791
102694845
118947808
117637089
18546664
59703298
18808872
50528330
85917777
82772068
69140589
127336615
47382696
18809012
102695129
10682592
22216982
87490839
14352686
137560381
86442307
40567124
100860314
31654322
61800903
69665268
64684539
89326105
37159464
37159468
85656137
103219831
160891514
145425025
162988677
29295302
57082653
50266942
19333975
81199989
100598660
42926986
159843226
22741929
102695860
95093686
109511624
103744477
3605471
76219362
24314852
86442990
106628084
13117172
85656578
24839175
45548571
109249595
164299835
65209426
140182611
125502562
63636615
44237984
68355239
142804139
91161865
82773278
28247378
46335328
39354
96142749
35063201
136250798
39370
101385677
52626945
52194642
63637007
45286934
56821288
39391
71501367
109774393
95880761
39396
52102749
94832285
95618749
86705861
17499848
115279563
118949596
92997362
27199259
14878506
121046839
83560287
30082925
106628990
27723647
118425523
43714489
71239684
130222105
49743916
30083142
48957533
16976001
85657743
39520
39522
39524
115542225
160893180
26937611
86968597
18811170
29034795
15403369
39556
84347297
97454498
67570086
128649716
87755271
57608714
49482266
101648957
151980632
145951331
140970607
16976531
74910366
45288122
22743749
152242885
85658351
7801642
97979178
39783216
46074732
65735550
136252294
117115782
68619149
68357038
67308482
104795076
37161927
86969292
104532965
85920758
157486103
44764207
43977798
61017208
104008842
119999654
26414255
47385838
137563398
47385882
76221762
79629719
82775455
109776295
108727768
91688414
97455593
18550262
85921301
113184299
23531075
39806
39259740
159321698
43978370
78581389
25104022
27463379
56102829
42667744
34017002
7540482
43716419
75435846
100601681
150409042
125505376
109776763
168759168
42143616
105320322
91426737
154603461
155652044
59969502
120262622
43192327
25366538
18550796
72290368
128127064
26677352
22220923
24842366
49483909
94048411
40571059
32706760
163778760
34541779
135991518
67834082
90378508
20386099
20123957
94835026
29299030
172691819
96145779
37425530
150933971
159584739
14881278
83038727
39260703
69407281
76747345
45027962
84087445
156701345
46338768
136778450
15667943
16454384
138875674
128914245
17503112
66524140
76485650
120788034
37950560
101913703
66262151
10163392
118953168
83039452
57873645
114496766
166139178
83563824
163779893
130487650
84088181
14620022
40572344
84088268
38999504
109516267
79631866
121312801
63641148
45815375
61544065
111089296
45291178
103225022
130750174
100341473
108205805
24057619
64427795
75962149
68359979
122361704
143857515
38475629
47912819
80680826
139663232
68097938
68360086
106895263
160896981
25368532
130750441
56825834
88020973
107157486
129439745
103225349
727053
127604777
92215373
124196965
36640895
89331859
101390506
104536240
128653500
74651898
48437500
45291772
17242377
30087444
18815310
56564046
41097553
33233255
32709017
54204840
15931847
50010587
147266014
144644577
70719971
100866530
112138815
25631301
17767025
119741045
42146444
29825712
71244492
86973134
55515888
19864337
118954822
111876950
96672624
156179357
22748092
140975036
61021116
23272390
157490167
120003587
48700473
120003689
67837037
145431671
95886471
64167085
94575792
88022195
158801078
156441805
35069141
67837172
130751820
92216661
89070972
99032461
79109565
160898516
63905243
94313951
94838259
50535937
100605452
90906138
70458968
88022622
76226144
28778101
158539385
88022682
58138274
104275645
19078865
23273183
41098979
156704488
20389644
48963345
111353679
91430738
65740628
110305115
78847848
131276651
46604179
33234884
156704710
66527180
16195544
159326208
78848002
160112653
88023140
65478756
107946129
104800499
79896825
47915267
146743556
83829005
54468891
91955511
70459715
85139785
141500787
68100524
150675895
64954832
50012632
58401262
54731261
77799955
56042015
19079719
17506882
83829324
39002706
28254837
86450827
103752347
152773286
111616687
88023743
18293478
161948396
58401533
36381453
79635220
61023039
102179652
144909134
91956116
101917588
93004712
109519794
5448632
111879107
127607772
30876653
165356549
48440334
86189072
100082754
130491468
80421975
53683306
62071920
33498230
139666587
131540128
15148211
84878566
50799847
137831676
91956483
73868576
14361898
101918009
48178498
131802455
79635810
100869484
32974194
62858613
111617427
74392981
49227165
24585630
115549608
86451656
102966742
41005
102180362
57353753
95626797
13051452
110831187
131016319
17770152
132064953
100869831
25110231
16983771
82257639
89597675
144385776
94578438
74655497
136521480
19867432
68626230
126297950
106375081
107217291
41101290
79898616
17770489
18032642
45557765
162474010
22226988
29042744
20916285
85928002
23013452
144910413
120006763
99297404
138619021
103753880
101918941
101656830
56305928
24324375
88549681
128395576
100870486
57354617
70461817
28518800
97200548
98828781
52111798
79899066
91957725
33761768
159853033
19605998
16722428
166144517
90384902
103229957
77802063
44771930
43199114
55782053
65219237
128658142
15674132
111356716
65481516
17509195
15149901
58665828
90909553
160902004
96676734
63646600
25373578
102968228
17771447
17771478
26160090
6761452
32975868
80423935
47131659
109521941
131279914
112405566
109784131
75443288
72559738
108211355
101395659
102968526
100871393
153300194
101657840
138882344
124988796
87764383
126823864
108735928
75181517
41627091
156446183
16461321
40840750
29044287
16985697
120008349
112406196
9907912
135737051
24325937
80424808
21442432
7024522
52637613
133640132
21442517
18558937
138620914
32714752
45035524
34811944
144912452
22753350
125513823
84619437
87240996
36122927
70988119
27472268
41103757
14365084
60240285
113193386
17248712
47395276
90386901
68366837
119484964
83833389
140194370
16724567
114504289
130495104
79114946
69415655
20132635
37958450
138621771
32453457
151204704
111358849
35599271
125776860
84095966
70202342
105067518
117388327
87241781
21967948
100873388
132068524
100873392
39531698
46871734
28259518
21443786
159331592
100349202
25376021
57619761
127874395
91960694
4666751
16463241
93795742
81474979
109524406
80426447
17774059
88552947
134952484
67843645
110573123
63649355
166409809
22754912
75970163
74659463
60503690
112408211
89339572
151205573
93009614
111883984
34551527
100873960
130758385
1783541
89601788
88028929
40318788
73348964
90650469
18560878
23541618
18036613
102971308
28522461
154875928
101660714
47659080
124729447
90650739
29309057
110835855
14366956
161954042
152516886
56047916
47921505
54737302
166148535
32979388
157235650
85932517
137837040
89864690
86718964
156187130
83573266
172702238
104544832
74398352
96942756
82524839
24853211
74136284
25115377
128924404
16202497
139410214
115555157
120011607
102447960
20134754
81738597
106117998
154090353
50281343
100350854
128924568
62077907
161430496
81738737
151206964
37960777
25902171
147274970
59456733
72563937
17251586
131284231
36388195
101137772
27475321
107953582
57621962
16203232
131808740
42941935
36650513
16465425
37174883
37437038
20659851
121847440
97205924
73088684
32456393
86982395
118964026
148324162
105594712
45301593
48971614
141246309
96157578
24330125
45301655
5980092
18825193
20135933
139411456
24854543
58671120
160120849
82526259
148324405
20922440
83050569
100876414
148324491
20660370
98779282
111100068
55525548
16728241
117653682
86982846
46612682
18038998
74662152
22233370
102449462
49234237
102449481
32194890
42156388
37437810
91177370
20660648
29573578
118702540
89080289
148324860
144392736
36913704
20660776
100352585
47399536
143868577
18563748
75711161
75711216
139412219
30884615
100352790
134431511
107692834
48448291
112411443
45302584
55526237
57099110
75187050
91964275
88294263
66274209
23282636
128402401
66536420
138888187
106120276
139412565
30360697
112411800
101139655
139412692
87770347
58410254
96683293
92226860
95110514
45041026
85411253
58148291
101402053
128402890
112412133
57361923
63915528
56051208
56837681
58934848
49235522
98518623
132597349
101402230
49497726
98780805
110839434
145442479
61294274
16467654
139413192
127354583
110315306
108480299
68896557
126830401
59721541
156714851
74401641
53167990
27477886
113461131
157239222
92489658
102451145
67848158
30099427
115820562
101140523
38488112
40585325
38750341
56576156
145705152
42785
130762976
32196856
15157501
29313307
101665059
111364406
148064609
11749762
100878723
33507727
20924829
13584802
123685287
153045449
57625085
62081551
120015401
39012944
79383142
102189689
92490396
62868151
155405032
115034877
83839745
73616146
157502229
130763566
103500598
47663970
151997289
19614615
98782120
172182483
50547671
64441304
90393562
160123876
73616369
99306490
92490754
20925471
138628135
101141577
139676766
15420526
97209468
19877054
51334337
122637517
40586460
41635041
21449985
80956692
109268283
67325264
55266648
168775009
98520420
152522101
14896520
101666207
56839601
68898226
85675443
78335450
104812010
104025586
96685576
11488822
28266058
110841425
98520691
20663926
130764426
113987220
117919399
123686590
96947927
142298841
32722700
72306447
101666615
105598778
154619716
95113057
89870180
87510892
124735344
142036937
109793235
74665948
35344356
101142508
21712899
59461643
25907233
52908077
79122554
139415677
46878851
130764936
39800969
85938325
107479889
26955957
107958484
40849632
14373091
19353848
17518849
26693947
118968640
126308682
100880718
19353939
91967835
101929346
118444430
70209935
101667229
91967917
25907634
21713340
85676504
100880857
33247713
14897680
154620446
68637304
45568635
100618920
100881067
44520109
56578759
105337571
30888689
154358526
156979970
71783173
110580505
115561262
22500168
101667691
39015379
90919897
118969355
100357132
48976955
40064064
127095888
95900761
164582500
74667130
20141187
78861460
101668011
88036536
100881607
58676436
18568439
22762747
33510656
105600366
100357505
45045129
123688331
51336591
148592019
15947159
84366768
25646565
151213549
103241214
94066175
86464014
158291475
108484141
38753845
43734592
160650843
42423931
59201151
62084790
130504423
22763252
43734807
154883882
106649400
86464356
145184640
23549825
100358038
129718178
59987901
106911686
98785227
37443548
21714911
102455271
139679733
15423477
27744250
19093517
36395047
78600251
104552531
101931101
143612024
152524922
16472256
27744510
91707655
48978191
41376022
139417905
9918772
63134015
64969032
47405424
27744649
100882859
19618277
113465837
123165181
125000203
134961681
61561376
33249831
118970949
39279186
140466779
110320220
139418239
164584101
82008744
130767548
113990348
20404946
137059033
88038111
159603499
56056641
46357325
164584315
94067591
18832271
20929440
101407656
52911058
91446267
86989820
84630561
87252007
23288921
34561113
24337519
106650754
72834189
129719460
16473252
115563686
14900397
26959045
69950731
113728847
58154331
45833565
142826849
48979304
46882157
72310159
85679505
88038846
50552259
48979417
31153765
48979563
78077555
7036582
72572583
144400041
105602732
28532413
48979681
60514018
100884244
20668217
15687499
62086996
100884401
130768857
83582958
27484143
101146614
60776468
27746333
89874469
32989228
159604783
130768958
104816756
47145098
56582283
107438250
45310140
100884692
100884696
64970978
48193782
65495286
36921591
105865471
13852942
124477717
150692132
148595004
25649501
109273479
96952735
40329633
136536518
105079285
43475446
88564218
145973760
156983819
29057552
67330589
21717545
139420213
159867457
151216713
20669003
83845718
71524955
95380061
112681578
67330684
28009110
76243615
98525852
79913648
30630579
139682499
49767161
53961526
46883646
105866138
164586429
107439049
21980131
17261567
44166
100885510
16999439
14378019
39806005
139945041
98526329
100099197
59729064
62088361
29320382
88564939
107439308
91448527
28009717
77030656
107177266
12805432
88040804
15164775
107439492
146236810
23029150
105342371
98526635
151217638
98526704
67855866
107439609
27485712
22504992
83060299
20407895
82798186
105080433
44295
51603118
112420534
67856082
146237179
22505230
134965036
45836104
119760740
79914880
56584105
19359694
106915827
140994581
89876511
45312055
23554151
54225001
104556660
47409283
39020696
155412643
132868268
68905165
60778709
70740194
39545134
73886007
120547650
35088711
66546006
125528424
105867627
116877678
164063605
111634852
63924675
165112274
139422212
32729616
72837651
65497626
103246379
100887116
100887137
105605742
57895561
119237285
115043008
32729793
102984434
58419968
133917522
68905815
100887393
37448613
65760186
73362370
78080988
80178153
128150506
16215027
44571
23555104
111897668
67857494
26438745
165112925
113994849
79129711
65236082
25652356
87256199
26176647
16477352
15690979
91712757
52129058
103771443
25390439
14642537
26963318
146238851
151219593
16477599
26963391
88829378
41643470
104558033
112684498
68906467
36400650
69430837
69168707
27487837
107703914
73887341
21720705
156200586
100101783
61304509
151219906
156724939
107441873
71790304
32730854
136277739
150171388
129986316
25653008
27225899
48983863
6516542
145977163
89878351
39546713
26963806
17788774
81751925
44749
27225984
92499916
169832453
15691796
63402010
79392824
120287343
14119035
20672657
80965806
120287408
36925642
81490133
59732190
51867890
35877120
84111626
91713804
12022042
20672824
28799298
108491091
74150244
75985253
68907368
53703022
47411569
80966002
15954321
96956832
46625226
17002958
131822034
103248347
55276059
33518138
28537412
32731777
109539980
110850706
24605368
44004027
55800620
69956400
27489094
9139022
23032661
72840022
14119816
95384459
66286510
130773950
29848535
101676011
139424756
137065477
38499343
58160163
41645105
26440781
139949136
19362904
79918175
52393060
123434085
110064763
91452543
106394771
135754933
49247429
23033031
45839598
58946827
14644509
159872293
97482049
750963
138376570
58422676
52393367
120288720
125531615
33256928
89880035
60257805
132085290
77821540
169834105
100103815
103511689
17266318
109278866
101938859
95385271
49510086
92239618
89618200
163280684
5732162
139425617
751443
18577266
21985171
39024540
37713829
101939112
41121734
110589928
154368070
15693904
50821216
101939347
91715747
60782756
103250096
75200707
47413444
115570891
36403417
105871590
172194042
82016510
168524030
102988051
148601149
36403520
49248577
35617100
55015774
85424505
41646465
53967246
129726895
18839998
90667460
88832454
113736152
46627313
148601335
103250428
14121525
98269764
72055366
148601414
31160952
43219586
94337681
152533652
37714589
99580609
27753162
21723878
94075705
148601661
12811112
139426671
35355514
88832901
107969447
79395776
126843866
59210720
76512253
19102732
38501428
148601958
34831491
98794633
139426964
48200863
55803041
101678268
129727698
93551832
32210219
86736194
118980033
78085672
87522933
72318609
102989457
98270906
37453508
90930916
160136964
161709848
95387440
100106035
161447754
110591894
68386746
77299646
102989758
57114565
16744413
35356648
97222634
90931241
45580345
151748668
26968133
98271312
90931298
62881903
35356820
90931359
120553636
111902887
49250477
90931382
38764742
15433928
80707811
80969954
83853548
73367797
42172692
173244693
74154347
79659415
90931620
139428287
139428290
143360514
96174651
100106819
128680517
74416719
90931801
98534003
119505548
78873264
67601089
70484676
93553383
17007347
102990604
49251138
90932034
109544278
28017500
72057693
90932072
40338302
109020046
56329103
53445519
17531806
59999149
129991656
18318314
14648300
141001715
125535292
103515212
90932302
51610715
101156031
17007893
101418282
20415789
129729861
101680458
21726539
32474453
87786837
32998775
164070790
52921747
129729957
97486299
101418471
20940281
60261918
136545846
112690757
35096166
53970596
48989876
167478974
43484882
41387738
29591266
55019250
24872724
75990805
45955
39028534
130778935
80709476
27232100
104826760
26183577
100108203
45981
92506069
124225509
14125067
108003739
114264089
95127591
172197960
69175380
110069855
117147750
85690498
24610979
114788529
128420024
109807812
10193122
106924292
129468676
139430186
26970423
129993050
15174047
49252780
61573575
26708439
98798094
114788897
100108840
70224436
132090420
46111
40077903
166169190
105613946
37194367
114526862
28019349
106138287
18582213
22252261
45583101
46893853
110070566
59476783
123439923
126847798
23825215
26708893
55020470
26184640
101420063
139430986
61836365
81235060
101158011
89623676
99060907
46239
42962115
34311438
15699281
46275
20942224
100109713
39554465
18320803
8359332
52923832
46370308
88837684
33525345
119246453
75206315
73895619
40341196
33001178
149655273
9408252
15437571
109547328
112430920
66817869
83857242
68915068
18583464
142839740
49254340
70225887
21729254
97751035
128159750
142839820
65769506
123703424
100372616
94343308
139432084
25923797
70226263
116887910
28283260
102732189
142840253
19108337
100373031
96178732
47419970
91460163
98275911
88576601
91198061
49255068
82547392
103781056
101421761
100111040
28545767
30905110
22254371
102470436
115315526
15962956
40604510
66818933
83858295
62100355
24613802
129733547
128422854
32216009
77829092
58430440
18322445
127112209
23565347
80974910
85693503
84907127
61314175
146248859
107975846
44537031
41129169
128685305
137336087
31167812
147559751
166434140
89625961
80450930
101422467
115053987
47158702
120296910
56858065
63673811
142841339
100111868
49255976
120297033
135501399
131307128
118724276
166696644
22517455
105354972
122918637
82286316
32216847
51091235
138385187
15701796
153589576
19109728
68654951
88315752
101160813
72849270
28809098
103520164
6002602
15964092
120297408
120297417
116103133
72325108
88315922
75995160
127113252
72849444
167483430
110598205
110598232
29071451
162764900
78616693
88840321
116889753
89102531
17275086
69966034
103258331
51616022
150182166
61839648
32479521
41654585
164338002
53713251
91986306
138910104
143890862
71014836
49256899
18848207
110598618
15964639
118725093
66820585
29596152
116890110
84122152
76257871
138910312
18848372
128162438
16751271
109025990
85695216
10197782
14392094
96443203
80452458
127376268
172202895
106404755
89627625
109288441
44538899
102472782
40606815
94870725
100637906
142843122
83336476
18586925
33791280
85695823
150183264
132095341
172465555
24092060
57384367
6004162
68132303
18587104
110075378
84909569
25140746
98278923
18325014
107453986
122396202
139435585
107978315
27500158
164601486
105881235
20422357
91725583
129998619
62627613
37199648
84647716
141008688
50306872
21208903
159883108
53976933
111648625
110075770
99852161
49258392
14131099
140746682
101162943
112435161
73900036
47161351
94871566
164339792
75210851
128688234
105619564
154378381
72851646
139436223
136290496
160145633
107454702
96706808
107192601
98279719
91988325
25141645
76521925
40346082
56861182
76259851
27501085
54239811
100377159
15442554
85172864
155689637
157262508
49259205
132621069
72590102
168272667
15442720
80454496
36938593
104571746
119776124
46375808
100377516
53715987
120300574
19375211
78357626
85697690
6530282
73114866
38249717
51881228
19637529
134980934
61580647
46114178
17016201
139961745
22783409
58697141
49259978
110863830
76260830
14919153
145991167
81765887
16492045
146253422
137864843
48211618
33269411
141010602
25405104
88057520
35628735
107456203
49260258
14395124
87271170
108504847
10987282
58697518
12822322
17541005
37988259
96184228
26978216
142059439
57649116
165652446
62629864
58173421
49260536
93825064
14133288
26454091
15706188
15730696
73640043
39823470
64202866
64465032
96184461
78882969
47687834
79145165
75213007
120301790
99068139
36415730
85698805
90155277
103786772
120301848
89893168
157526334
120301886
142846273
98281840
97233280
21735832
30910873
37726624
49260977
131312050
73902533
141011412
153070085
84650509
84126257
137603660
58698320
91990613
26716841
73640630
128166589
18852563
63154912
75999978
52931313
147041016
136031065
72592248
121613176
121613198
167226256
27241381
15182767
172993468
65776572
17017827
45067261
121613327
52145180
125545531
35368015
121613393
139963481
52931707
89631895
72330406
121613520
112962797
71019759
17018141
105098561
141536592
115060053
60796268
141012374
142323125
58174943
49262070
105360908
87010833
129740313
112963100
141012538
141012544
24096326
58437199
121613909
141012571
90418780
84913808
121613971
129478315
141012664
102215356
80195331
86748939
70758168
20426536
73117521
42446674
66826095
23572374
137080726
141012891
16232380
121614292
28815316
27504604
121614300
142847980
141012978
87797750
55816213
