32223272
110080040
16232509
25931848
98283603
87273558
43495530
164606079
141013144
101691550
58699941
83603653
76787908
71020778
75215135
100118861
37728590
101691735
121614681
108769639
168014206
82817408
125022593
17805697
45592968
24621449
83603851
128168340
85701038
79409630
80196067
71021075
113488412
100905524
19378755
155955811
163295871
142848695
123187949
139440893
36942605
70234909
105624393
40874839
58176348
54244233
139441081
91468738
50050004
31175661
67875834
25932801
63681584
68662320
47166530
18068551
76264549
96449673
72070286
160675032
91206872
77051139
47691015
151237896
48739616
21476646
58963238
19903849
93304182
119256510
64468433
73119192
123450854
69449198
51361274
75216393
63944204
118470266
37992066
21477002
89372306
112703186
113227495
34846460
49002238
91731717
160413452
161462033
50575147
47429432
90683223
162248556
112703380
30914482
77576115
21739468
38516695
113227752
143898606
74692634
109033513
129218612
57915471
49002613
78887036
87537844
95664316
118733009
23574744
19642600
89897192
58702066
148879642
102742346
126335321
75217269
140753294
89110927
18856337
155695548
85440966
109033955
129743345
78100988
68663815
141801996
148617751
140753492
15710826
67353231
46381715
116374175
78887592
91470521
84654783
70761153
67615431
89897671
5487312
15973085
145210095
101694200
98548474
78887690
53459734
20429596
106150693
60799783
87538492
131316542
27245377
78887755
26458999
93043616
98548649
85703622
129743845
152026106
133676056
101170201
88325149
74431527
139705403
34323520
26721384
49003651
26197199
18857191
139705576
78888180
68140281
42712342
78888221
49003841
29343096
49266042
110083465
85179787
113229216
39828896
153599425
31964620
101432782
44547540
22003161
15973895
123977241
18595385
118996550
22003270
112443008
118472407
98287323
120045314
94617361
18333470
72859427
142327590
129220419
52674399
62898080
52412341
111656890
92258251
34848758
46121036
95142001
101433506
18858154
132890804
90947801
113230058
14401806
153600309
76792130
104841573
71549296
88326516
88064386
87802244
20955527
135250400
91734571
41402970
72860272
82035318
39305852
31179411
91996824
14664352
109560533
40878819
53986021
15975177
105628440
101958425
142066458
46383974
18858926
59229127
21742538
144425939
74433493
65520602
113230811
111133662
77841379
47170555
29082634
100910119
107725878
102483006
127124580
43762793
134464629
71287938
121095315
139707541
57656471
89375913
14927070
20956390
43500811
49005836
130532634
139969846
170116416
109561160
95143281
163562878
38520201
29607325
38258098
30655931
128173500
19121609
70239690
130794958
149145066
27248149
129746463
54773302
18597453
106153550
93832784
138659412
69715562
87279221
112445050
17024642
84395659
116639386
146523849
169330390
76531419
91750750
106153736
104056599
38258462
139708208
125552452
25675613
46122905
107746457
108251045
92522405
41142227
16238592
30394371
78628880
112969771
32229444
88066133
139446377
53463148
97765527
107989215
34851042
77842719
110872891
166447439
33278311
62376375
116378052
164350414
139446735
89639383
78891495
122931704
16501262
93571620
62900812
13879892
123193949
49378
100387449
15714980
17550022
53988082
64998144
157534988
29346656
34589543
29870965
30657405
84921230
71027616
115854241
44288928
104844196
15977382
23841721
107989989
50056171
45075462
164088865
28298278
79154236
109562949
69979249
49482
101174411
93047996
145476912
117951842
71028086
74960260
74698119
52415911
49550
47697376
96194025
64212501
61591067
16253646
27512366
62901811
62639669
91737771
116379317
62115549
173264615
78892780
17813319
98553693
73125745
107466643
15191963
101437346
72863697
20172781
124506093
88330270
52154407
78630959
17289271
132632640
41930835
44290175
15716540
27250894
118739189
124244218
39047440
62116120
44028243
47173977
142856549
139973011
140497317
130273714
138924469
161993142
58446332
85185031
104321575
104845904
130798206
39047895
123982564
95146732
50582261
20697857
90952574
157537189
78893991
63951790
67621855
61592554
82826220
90952724
114545758
90952858
30135484
135255232
112710875
143381732
34591978
140236035
143119672
113235257
139449688
21222785
137090435
142333344
15717798
54253054
148362830
15980118
40097378
15717994
100914816
78632601
157537977
119264977
18601693
97244906
25941756
25155374
119265083
41670482
104585045
78894946
83362985
89905028
92002182
108517291
157800451
74438664
69720079
159897622
91491110
159897628
160421916
29874247
106158172
127129740
22010020
17553615
101439734
78895402
85711157
32758074
141547844
114547045
85186933
8378752
157538717
48486824
45078978
65526244
34331145
114809408
45079150
15194772
24369834
60807850
46127853
83090189
116120344
155966298
137354084
18340744
103537562
114809783
139451319
57662401
102489056
53992427
119790573
74701821
18865175
91216948
118217786
100654150
99081308
123984999
49011843
54254748
104586504
66837774
87547178
82042167
46914917
23059828
69983692
56894907
105111013
51633650
105635325
129490446
156753423
163307045
139451993
141811308
150986366
42458753
79421109
40885943
67100358
144694994
144694997
94625507
115334884
81518325
75226924
27778897
164618080
101441387
49012609
54255505
106160067
111140813
29614057
75751408
144695283
89907193
50323450
144695308
51109930
148103277
144695409
54255738
14409856
144695432
144695438
144695459
27517097
101441725
144695489
78897346
144695494
128704724
144695529
78897405
89907464
144695578
141549870
96461102
158851391
124248387
145482066
57663870
144695697
65266076
144695707
127132129
144695779
48751078
85189104
99869205
83354156
139453010
100917851
144695946
35119785
144696014
108520144
144696033
124773108
144696081
144696119
144696130
144696154
14410616
78898089
122414031
144696274
23847928
72344593
128181309
100656194
101442628
23061579
111141963
116122707
160949340
144696420
42984566
59761785
112714929
113763510
53732557
97510663
88335628
144696598
116122902
88597848
86762901
85714328
31450527
97248675
83879383
134211041
154658280
144696829
84141571
19129870
85190199
92268097
52160072
104851045
144696970
144696972
56616602
106948258
61597370
19916486
50063072
111142638
128968439
63170316
144697118
48228211
97511317
96724884
26732476
37218318
60811286
80209956
100132919
51374148
137881715
68675723
41937121
45345001
46393590
66840849
91482396
31451438
32237873
116124026
22276489
18344341
85715361
107997611
136833466
72608197
58714578
17295837
144697846
112716281
97511938
21752325
39053857
46656082
94890589
56879716
42723957
35121801
101444284
45083385
91220734
120580909
110619440
144698165
136047437
78900051
19655517
40102761
144698257
144698260
78637991
144698285
50064327
65530854
144698366
106163255
88861806
50064504
68152467
15985822
109571308
67366135
79686908
96464129
101444874
86764818
78900508
143650082
139455782
136310063
51899724
89124185
102231386
25947491
44559727
130280839
45084046
17296784
144698770
30404016
119532978
134475199
98823623
144698829
124513743
84143647
78114368
128183893
30666337
67890793
88862326
74182285
82308754
42987157
41676438
113503902
113241765
23326395
139980508
44035828
47705860
18607916
96464729
54259582
94891941
76541892
35123142
115339245
131067887
57929718
146534449
50327604
15462454
62910524
26996817
118485080
91484273
38793350
13365392
153612456
96727210
78901421
78901470
126087421
33550608
141553958
46133557
61337929
45085003
49541458
144699745
166457700
96727397
32239977
122417564
89911726
26735027
29880760
19657151
61862359
106951129
144699878
71037463
83358238
78901804
112456297
106164867
39580299
78901926
27783848
86504118
113242808
74445499
125301441
102757063
67629774
104592089
50852582
57144059
42988299
128185101
97514264
118223641
17560392
12317562
144700283
16511872
39580569
31454108
35124130
144700354
102757317
95417287
144700379
160953309
106165285
166458467
139719795
93058189
139457685
53736619
124515517
144700642
115864833
45610254
51639576
62387484
95417635
71562547
144700732
159380797
104854906
144700797
17560997
144700851
144700900
141030893
72873504
106165803
144700998
85194335
144701024
127661677
91485821
139196032
144701061
44562091
144701143
68155103
60028672
144701187
100923149
107214618
53999394
17299268
141555541
18347895
127924088
20707199
15464324
165672855
95942574
83097520
141031355
154400719
63698945
81262593
61863969
144701494
60553271
52164668
144701528
56883302
158857331
15988900
5765312
49543367
30406937
24639777
129759564
19659087
42727761
141031788
85457275
78903678
14154166
110361016
29358534
62126548
20707816
137624130
143129173
36436566
135789156
69204602
121895561
7076492
121895565
121895569
82311835
30931613
45349533
119798430
48233127
34601657
87816934
110361336
94894843
136313602
121895685
105118507
78117698
10746692
22543173
100924249
121371503
46398370
105118635
89389999
57670603
17562571
66059246
83360806
22543443
133168259
77069445
43777183
39845024
137362600
134216911
22543571
120585440
71826708
14155050
116391226
121371964
77069650
51903829
81001823
61341025
31194517
17563033
43515303
19398122
14417392
160955894
141032980
62651938
141819430
89914927
81264200
106167903
87293540
34340456
37486192
103546512
36437680
101711568
115605205
115343070
144441116
19922753
139460448
64225126
119013237
15735125
103284603
69730192
17563542
17825703
87556013
54525921
