0
1
2
5
9
10
25
26
29
33
30
35
37
39
42
43
45
49
50
54
63
68
69
71
72
75
77
78
79
83
84
87
88
91
93
97
99
111
116
121
123
127
128
129
138
140
144
146
149
158
164
166
168
175
180
181
182
199
208
219
231
256
261
262
268
278
275
279
281
308
323
65
329
25952593
345
351
361
367
379
387
394
400
404
406
411
413
427
437
439
447
454
462
465
467
470
479
480
483
485
492
27001326
115081713
77857273
512
515
520
65536525
526
530
532
534
539
545
547
25428507
550
553
564
56361527
569
568
575
592
596
602
604
605
606
612
647
56099467
650
657
661
129761945
664
670
673
678
689
66585270
691
692
699
146277052
701
703
39060163
716
723
726
732
729
748
754
757
758
764
766
768
772
776
779
131334931
794
797
802
816
817
822
113247035
834
102499139
840
38011726
868
870
876
103547764
905
906
931
41419697
945
948
950
956
973
976
981
1010
1017
1021
1023
1025
207
1048
1043
1052
1055
1056
1057
1058
1066
1069
1097
1100
1101
1115
1118
1133
76809334
1146
1174
1182
1211
105907395
1219
1226
1220
1225
1228
32244952
1244
1257
1254
1264
90965239
1288
1291
1312
30147883
40109358
1334
1337
1340
1343
1349
1357
114820432
1363
1372
1374
1377
1383
1389
1390
1392
1393
1407
1410
127141252
1412
1419
85984663
1432
1441
1445
34080187
1470
1474
1479
1480
297
1504
1510
1520
90179063
1531
1529
116131328
1537
1544
1563
1570
1576
1580
1597
1615
321
1619
30410329
1624
148637275
1625
325
1643
92276352
1667
1674
109577869
1680
1698
1707
1719
117442254
1743
1745
1751
59246306
1756
112723691
131598062
1779
1788
1792
1793
1799
1800
1811
1816
1817
1819
23856925
1818
1833
88606517
1850
1854
137365336
1898
1910
1914
1938
1948
1961
1964
1967
90965940
133695416
1983
1986
1990
1993
106170320
2000
2002
2007
72878043
2014
2025
2037
107481080
2040
2049
2050
2051
93587463
2062
2070
2074
2077
2087
2094
2100
140249147
159123519
2124
2125
2131
2133
2136
2146
2151
115083377
2161
19662963
101976181
2165
2174
132909202
74713240
2201
2202
87558305
35653797
2215
2216
33556652
25954484
141297846
2237
445
2239
2245
2248
24905934
2257
2265
2274
2278
2283
2289
2296
2320
108529937
2324
2328
2333
2335
2336
103811363
55839019
2362
2367
96209226
2380
60557647
2383
2393
2403
2411
2422
39324024
2427
2429
2440
119015825
2452
45353372
40634786
57936293
2506
2509
2515
168823253
2529
2535
2533
31197688
2561
2580
115345944
2585
126093855
2603
2621
2632
2678
2682
2688
2698
142084748
2722
2726
2727
2738
2752
548
35392205
119540434
2769
61606613
2773
2777
2789
2791
2826
42470158
92277520
2844
2850
2851
2852
91491110
2855
2867
2872
2893
2904
84151129
2905
42732389
2915
2926
35916657
2930
34343801
2944
2946
89918348
2960
2965
2968
157813663
45353894
2988
3007
3010
3008
127667144
3016
164105176
146541540
3054
3055
3064
3074
3076
21761049
3098
3100
25955370
112462899
3123
3128
3133
3131
15469642
627
3151
3167
3169
58985576
3179
29101171
79957112
79694983
3208
3210
3214
3220
3234
76025001
3246
3254
3260
100404420
3277
25169114
655
656
112463079
85462249
660
64752890
3323
3332
85986581
3358
157289765
3379
3377
47189309
3392
3407
3413
3421
3423
3432
3455
3457
3472
3468
695
697
55053751
16518590
3516
3525
23858637
3532
3535
3541
92802553
162008572
29363710
3580
55840265
3590
89394708
3618
3620
3623
119541294
169610819
3674
85724764
3681
16256618
14683755
165416556
3697
119279219
3721
742
51908250
3739
106172066
745
94899888
3776
3778
3793
3798
3806
3824
3827
3841
3854
3855
3880
3875
107745068
3890
141823805
3901
3912
51384138
3919
79171413
3929
3949
19664753
3957
3959
3972
34082706
3988
3994
3995
82055095
4029
4031
4067
131338212
4085
101715964
41947133
4093
49025026
4111
128716820
4123
4125
69734438
4140
4141
4151
4144
4156
17829950
4161
54267973
4174
4175
112463953
4178
72355937
4197
154144880
837
4215
97259651
4237
4239
4247
78123169
27791527
139464877
4274
4289
4296
4301
4303
4310
4312
4314
160960744
4332
4334
4335
126095618
4347
4372
4383
4378
4392
4399
4402
72618304
128192833
4414
4429
4438
4443
4450
4471
42471812
89133445
4496
4498
4510
44306854
4522
4534
4546
4553
128192982
4568
4569
158339549
18354653
4593
47452660
4616
4630
4637
4638
4645
4653
45093424
75764288
4685
139727441
130814546
4702
4701
937
106435185
4738
4741
4752
4751
4770
4771
4773
155194027
4790
4800
4803
4804
70521546
161747660
103027410
130814696
109056768
4865
4870
4876
139465488
96736018
4905
153359157
4922
113251141
4926
95687501
4944
4951
14685016
4954
115348339
4982
14160773
94901129
5008
5013
5015
111154087
5045
5055
5058
65278921
5072
44569556
5077
5090
5101
5108
20714493
5123
1020
5132
5133
5139
5153
5176
74978368
5204
5205
5210
5216
5217
56366184
128455786
5225
5226
5245
43521165
5265
5266
107746457
5283
5281
78124210
53220532
61609165
5340
108008673
5361
165418242
5387
74192147
5401
5407
5410
5422
5424
5425
5427
59249980
5442
5443
5462
5473
5477
22287718
5483
5476
44569969
5496
131863930
5502
120853902
5519
5527
5529
5557
5558
128456120
142087609
5559
5585
5587
42472931
5603
5619
5627
5634
117184003
51910149
81794569
5653
5655
5647
5656
5664
5667
5679
17831473
44570165
82318922
5710
44570202
78911073
159913572
107484773
131339879
137893483
29628025
5762
65803908
5767
76551816
5768
5783
5784
5792
5794
24123067
16783040
5825
5833
5835
128456405
27793119
61347552
5855
5861
5862
73406184
5873
5869
5906
1175
44046109
5925
5926
5965
5979
18356061
5980
5989
5990
5995
5998
6006
6010
75241342
104077188
19666840
6046
62658468
6066
68687810
6092
87562194
6112
6110
86251512
6144
6150
6149
76552212
6166
6176
61872166
19929134
1231
1232
6205
6212
44570694
78125131
85989455
128194641
6249
44570745
16783496
6279
121903250
6291
64755870
25434282
6317
6321
6323
55056569
6336
6341
1263
6355
6356
6363
95426780
6364
17570016
31463650
22550755
6369
6377
6381
6389
6401
121903367
6407
163059979
6412
6419
115611928
6429
113252649
139729193
6458
95689029
6466
121903435
6483
6488
6493
6500
6506
6509
6513
6515
6529
43260308
6551
6557
89921960
6580
6599
113252816
6615
6618
26221025
116922851
6633
6660
6669
6667
6679
6685
6687
6686
6695
1335
6734
144972367
6738
6741
1341
32512607
6763
1345
6768
6780
6789
90184334
53484178
131340947
6806
122428065
6815
6825
6821
6832
6835
6839
6840
139467454
106437335
6876
6888
6890
96475886
139729648
6897
6907
68426509
38017806
6924
42474258
6933
6934
170138400
6944
55843623
6967
38542140
89135966
7011
7013
7017
7020
43522927
7036
46406525
7037
7042
7054
7059
42998683
7065
55581608
7082
7088
7105
156507084
7123
7118
7128
7130
128457693
69737450
7170
7179
7190
7195
73145379
7207
7242
7244
7245
7248
39066713
7278
7284
7297
7302
101981337
97787036
7323
7322
69999795
7352
7366
7370
31202522
7394
44309752
7417
7426
7439
7444
7452
17833246
7451
1482
1486
7487
7502
64232785
7507
7520
103292268
7539
28056955
7549
105389441
7561
7563
7565
1505
7573
7580
7597
7605
7625
114040277
57417179
7648
90447341
7662
7709
7712
7718
110370346
87039542
103292474
36445759
7740
7742
7750
34610780
156769887
49815165
33562238
121904777
94379659
121904789
7830
7858
7867
103816896
57417410
7870
7880
47980236
121904850
121904852
121904855
173022936
7904
7909
7913
21503722
7919
7921
151789317
84156171
7950
7971
7975
7976
7982
97787707
7992
7997
8000
8001
8003
8009
8027
60039004
84418398
51650403
8037
20979562
8041
8044
8046
8051
8061
121905027
8067
8072
8070
8074
121905040
83632021
8087
8088
8092
8095
131866533
8107
8118
8120
30941117
44048323
50339780
8128
1618
8143
8151
8155
8159
103292899
8167
89661416
99885039
8174
119545841
8175
8193
8206
8210
8211
8218
8214
8222
8227
50077742
8247
19144763
8248
39854144
121905221
17047622
8267
22290511
8265
63709272
8282
82059362
8284
8297
8304
8305
8306
8308
69738617
44572805
58204296
8333
104341649
8340
25174183
8359
8355
8369
1664
8383
58204354
8394
8398
8401
8406
8408
8414
8417
8419
8425
8426
83894511
8441
8443
8454
8463
126361885
8482
8485
68165940
23601460
8500
42737977
8503
8513
8521
8522
66330957
8526
8532
8533
8534
8538
8546
150741353
21504365
8566
61350263
121905528
25960829
139469184
8590
77603222
8600
8608
8622
8631
118497722
8660
8658
8659
8668
128197086
100934118
8680
8686
8689
6300152
42205285
8701
8698
62923266
8704
8716
41165328
166470160
8732
8726
8736
8735
75244072
8744
8750
8755
75244088
8767
8770
8776
8777
8780
8773
8782
8791
28844639
8806
8808
8817
8818
8825
8833
8838
8854
43786914
8871
143925942
8886
51651261
8899
8911
8917
47456992
8933
1776
111420139
8938
8960
8964
8973
8986
8987
139469608
45359911
8999
9002
71312180
9011
9037
9032
54534995
9051
160179043
128197483
166470511
9077
166470530
9085
9091
9101
9119
9127
9128
9145
9146
159392705
9157
1822
9168
9175
9182
9187
9180
9191
9202
116401148
9209
9214
9225
9227
9244
15213598
121906208
9252
9253
9255
9262
77866031
9268
9275
9284
9295
77079656
100410475
9325
1856
33039490
9355
9358
9359
9363
9362
9370
126624927
9390
9387
9393
9399
8660152
1869
9403
151266494
9405
9404
17573063
9414
9427
9428
30418134
9436
9440
155985133
9454
9477
9475
9485
9488
9498
9506
9500
9521
9524
9528
29107518
59254078
9549
9550
142878038
9558
78128472
148645209
9560
9564
9568
9563
9577
119022963
9599
9606
9614
139470235
9632
9633
9661
9669
157820359
9674
117450201
9691
9694
9699
9705
9708
9709
9707
9717
67905016
9724
9729
9722
9738
9741
75245078
9758
9759
9754
18097701
9765
9768
9770
9767
9796
41166408
9810
100935259
53225065
9841
9847
9853
9851
9856
86779529
108013205
9883
9885
93071018
9908
58730177
9921
9929
139470551
9943
106964703
121906917
58205927
9961
9962
78128889
9982
98313994
