30168
47740393
35157484
80770543
30197
30208
30213
59799050
30214
30218
30229
30225
30236
30228
30238
30250
30252
30262
30268
30273
30274
16021068
6019
30281
30288
30290
30294
30296
30297
30299
30303
30305
30306
30308
30307
30310
30311
30312
30309
30315
30316
30317
30318
30319
30313
100169330
30322
30324
30326
30327
30329
30331
30336
30338
24147588
30339
30342
30340
30341
30344
30347
30345
67139213
30346
118519440
30354
29128342
6035
83916451
73430696
30376
30388
88635063
6041
118519486
93877960
30407
23623377
78673621
118519512
30431
30437
75265769
118519530
30449
6053
118519545
30478
115373843
98858774
30494
136083236
92305207
30534
88635214
74741589
51672940
24147841
30595
90208141
6083
118519698
30607
30616
30622
30615
6089
118519726
30636
30649
30651
119044053
30680
30684
6099
30685
30701
30706
30715
88635424
30761
30759
30766
30768
88635442
163608627
30774
30777
50624572
30786
160725063
30795
30798
30801
30811
30832
26245237
12089472
30851
70023308
30861
30868
30871
30876
30880
27556017
66615483
30932
30940
30945
30946
30947
30944
30956
30958
41449713
30971
15497480
23099662
30991
89159957
30996
31030
31062
148142427
153123171
11565412
31080
31082
15759737
31104
31115
31132
6190
108034495
129268177
40401366
31190
31202
31210
106199537
31221
25983489
76315142
34896392
31257
31252
152336936
31276
31278
31292
31312
31316
58227295
31334
31336
31356
60062338
155220638
119831214
52722392
21265121
63470307
31458
31467
59013870
31492
41974543
31505
31514
6264
64781089
31521
71596847
31536
96238389
31547
14449487
31574
31577
54295389
91257696
31589
31605
31609
83393407
31659
6293
147880879
132152267
31689
31697
11041822
31489063
31826
31835
31839
31859
31864
31867
31868
22051988
10779802
98860208
96500912
31923
31932
31940
31944
31945
43810001
31957
144735457
31984
31989
164134138
31999
32000
82083075
32010
32012
115637527
32028
45120831
32064
32081
32105
51150195
108035492
32191
32194
41713110
51150298
75267569
32262
106462732
32280
32282
32295
32305
113278517
82869825
32329
32362
101482115
32800394
4751011
94142120
75267784
88637147
32475
66092768
132939504
105938674
139493106
24936183
6470
32559
32561
122453811
32565
32570
32600
32637
105938841
67896909
163348406
32700
32701
32704
32707
32708
32709
32712
32714
32728
32732
32730
32739
17858538
32746
32750
32755
32757
60325878
57966590
108298239
32766
32779
32776
32789
32803
32804
32806
32807
32809
32808
32810
32811
32812
32814
32818
32819
101482548
32820
32826
32827
32828
32829
32831
32832
32835
32837
32836
32839
32842
6529
32850
143425622
18120858
32942
32943
32947
32969
66355403
22839501
32980
69501153
32991
33007
33009
33010
33004
33013
33014
33015
33016
33019
33018
33020
33021
56918274
161775877
139755784
33029
22315280
33061
33054
82870569
39616816
33080
33089
33109
33112
33122
33125
33126
62685544
33127
33130
33131
33132
33128
33134
33135
33129
33137
33136
33139
33140
33141
33138
33142
33145
33146
33147
33154
33149
6590
33150
33155
54296970
33161
33162
33165
33167
33168
33170
33175
33177
33176
35684795
33219
65831369
84705741
33227
18383318
35422686
33247
33252
33261
33274
33279
33312
102531644
110658116
33349
33364
48267862
6632
33415
33418
33426
22053527
33439
33447
33454
25199281
33456
33458
27558586
81298119
33485
33497
33504
33509
33536
33545
124814110
81822496
33571
89948981
33587
108036927
33610
33612
6686
33645
33648
17597303
33659
6691
33674
33672
33691
33696
33705
33707
33719
33724
33722
143688668
33766
33771
108561407
33796
118260741
109347848
33807
33816
103842841
820251
33848
31228985
33854
33862
33864
127435871
164660322
33897
33932
33926
33934
27821210
33958
33959
6750
33964
31491245
151291076
33988
33999
58492115
34006
34009
34014
34017
34026
6765
34037
34048
34049
49317134
34061
34069
34073
34075
34079
34084
34094
36209989
34128
34131
134776148
34140
82085213
164922721
68978020
34160
34172
34176
34179
34181
24675723
119309707
34200
34212
34245
102794720
34274
34278
34279
22840821
88901110
34294
34296
34301
34310
34323
66618911
34342
24675882
34358
34363
34377
34380
165709398
34388
34397
34400
86804070
34412
34443
34462
34480
40404661
14452407
34489
34494
41715391
34497
34496
42239690
34518
63473370
34579
34585
113018655
115640099
35948325
34599
34600
34604
34626
34635
34636
43026262
34652
6890
34672
29132680
74221452
63997848
34711
34714
34722
34734
34746
61376446
34756
34760
53512145
44861394
41715670
34777
85755875
91523051
168593398
34805
34808
151291899
34810
34821
34827
34851
34850
137136165
86542373
102008871
53774386
34881
32540740
115640399
34896
34901
34905
80775268
114329705
34934
34935
34937
34939
34941
34960
132155542
34971
34977
34982
34994
35026
104106198
35032
35037
35041
35042
35047
87329001
78416109
65308920
71600377
105932684
35065
6971
71338243
35076
35077
35086
35088
35107
19433765
107252008
16025910
35130
30705990
69503311
35155
17336675
25201017
35194
123505032
6999
59804049
114854297
114330018
152865189
18909605
163875241
35242
133990827
35948973
23103922
35257
35261
101712368
35279
35280
35284
35294
84445663
35290
35295
60328424
35307
98601454
121670132
51677690
117213694
35328
35329
16026125
118786584
151554586
40667689
35372
76319279
35379
14977589
35377
35385
35387
35386
35398
104893000
35401
35407
66882148
35431
35434
35436
35438
35439
35162739
35449
35450
35453
59279999
123243148
62163605
7052
35475
35486
14453409
145525413
102271659
35508
116427448
17861307
35517
35519
35530
35534
35538
145787625
35564
49842939
35606
35607
35609
35633
35634
122194739
35639
35640
35662
35697
157846391
100436855
35706
35707
35704
35710
40668063
152341441
35786
70552529
94145497
35801
35805
35809
59018212
7119
35814
35834
35836
35842
35844
35841
35859
14715936
29133860
35877
29920308
35898
35914
35920
35925
35932
35945
35969
35970
7150
115903625
70290569
48794763
35978
35988
35992
35995
35998
24939689
36042
16026831
90475734
36058
36057
36071
36082
36085
77630719
36103
36095
109350162
19696937
36137
36146
36147
36154
159419707
36155
36158
36162
27299144
36171
93097307
118525279
36196
18386279
87592298
36210
36214
36215
36228
36230
79203723
36234
94932368
36238
36241
36245
164138417
36275
36292
36295
124554700
36301
36306
36331
36347
36358
36366
36369
36385
36387
36394
49057325
36399
36402
36407
128486968
36408
36409
36419
36420
36428
36430
36435
69504600
36440
36441
156798580
36469
30183035
36476
80514688
36479
40406659
36494
36495
36500
43290261
36502
35163808
92573354
36526
53513908
105942712
36540
36542
38833858
36544
36555
76058316
36556
36582
36584
36604
36607
36611
36617
36618
36619
138710796
115642133
36642
36645
36662
7289
36682
36683
36685
36688
36695
36694
36704
36708
36710
36711
109350760
59543408
77369206
823162
36734
36738
36735
124555155
75272083
36760
36801
36814
42504150
64786390
30183383
36834
36839
36840
91000810
36845
36847
36848
36851
31756276
36854
70553595
36865
36878
86020115
63475761
36915
7338
83660857
36932
36937
36938
36946
26775638
36960
7347
36972
36980
36977
126914687
61902979
7355
37006
7356
37015
7358
37041
37048
37056
16289988
37062
37067
37064
80777422
37069
37066
37075
37076
37077
137138392
37080
37082
37086
118526177
7372
31494381
118526195
72126709
102011127
16027901
37115
37122
37131
37132
114331922
37135
37138
37152
35164454
37159
151032110
37162
84709684
37172
37167
138973502
37187
37189
37188
118526287
37203
37204
37205
37206
37207
37208
37200
37210
37212
37209
37214
37215
37216
37218
37219
37220
37221
118526310
37228
37232
37235
27824500
37238
37249
37255
37261
51679632
37264
158634397
37278
37304
154702301
127177188
37371
151294470
66884111
68456989
139760158
37425
37426
37442
165188165
33854028
74748497
37470
37480
37482
39096950
37494
102535804
37505
37498
7455
37522
7458
37531
37534
90477227
37552
37558
37560
103846595
37581
37575
37578
23368407
37586
37597
37605
37612
37629
37631
104370958
37646
7484
37666
37667
37668
37670
37674
37677
37679
17077054
76583759
90739539
37718
37720
64525150
17601391
37747
37759
45126532
37775
99914645
37785
37792
37794
89428909
37836
72651730
37851
37856
37859
103584743
82088939
37875
37884
37897
37911
43029533
127177769
37934
140547127
64263235
18388040
37964
37965
37959
37972
37976
37988
37999
37998
7555
124556436
139498671
38064
20747443
38072
38082
38085
38086
98866405
100177134
38137
38170
38185
38188
38191
38200
38209
21796163
169121120
38244
38262
38265
38268
38270
38276
38277
38295
38297
38298
132421022
44602783
106993057
38049189
38306
78681530
15242685
38336
38354
114857443
133993962
59545069
79468022
7631
38404
105682467
38439
105420345
38467
29398604
113284699
38490
7651
38511
38528
15767176
38572
7667
38592
38597
38599
38602
38605
38611
38614
148412128
38635
131110645
89429752
7684
59021072
38667
38668
38675
38681
38682
39360292
38686
38689
38688
38696
38697
38699
38705
38706
95721271
38707
38708
38714
38728
104109898
38732
7702
38782
21534593
38792
38796
146315171
38824
38829
38832
38835
38836
38839
38842
14981056
38849
38875
38894
38896
38897
66623487
7734
38918
38930
86022168
38935
38961
75798585
38983
38984
38985
7750
38996
38998
142907480
39000
39009
80517232
39035
39037
39055
39058
35952794
39070
106469537
128489640
39089
39091
7774
108566737
39122
39125
39128
39138
152344803
39141
51419371
39146
39158
15767804
96770314
39183
39185
39186
18127129
30447922
39220
29923643
39238
81303881
39242
39246
39251
39254
39261
39267
39270
39272
39275
39278
39285
39291
8427902
39297
24156559
39314
71604633
39321
39338
39374
39377
89430491
39387
39396
39398
98343411
39432
39435
75012632
55089689
39451
39470
39472
39487
39488
39489
39496
39498
95722071
39511
39512
115907167
39517
39520
16554602
14457457
39540
39554
39557
39558
39564
39570
139500182
39579
39581
39585
39590
39592
39597
39604
39608
154966727
19962567
39627
77109966
100178652
39649
39654
78945003
39671
7885
39680
39681
7887
39687
39688
39690
39702
149199639
7893
39738
160996156
18651977
39754
39768
157850459
7906
39779
39788
39797
39798
162831231
14195582
77634433
90217366
39835
39845
39846
152869799
94936003
39877
76848080
39890
39899
7932
43031531
51682288
141073396
15506426
94411779
39947
39949
39952
39961
39965
39991
39995
129539136
48012359
60857425
7954
40022
40026
7958
40047
108305521
80518262
40059
66624640
40064
40077
40094
72916132
40118
40133
40138
40141
40155
106208492
82877686
17341695
40202
40204
40205
40208
40209
40211
40220
40222
40221
40228
40229
59546920
40232
40236
107257136
40241
40242
40244
7999
125345079
40245
40249
40257
40258
40269
40272
40274
40276
40279
40281
40285
40287
40291
40294
40296
40298
40299
40300
40302
40319
66887048
40345
40349
40352
40362
40369
40381
40397
149200356
100441582
40438
40459
40465
58236443
40479
29400626
8052
79994473
96509553
124558966
51158647
40564
40569
40574
40577
40591
40597
40598
40602
40614
40619
124821170
8076
62168763
40639
77897411
94412484
40650
40676
40706
96509702
40717
40728
48537376
159162153
40748
40749
40756
40758
40767
40782
105946969
88645488
40846
40850
40866
40869
40872
40886
40893
72916927
40908
40911
40912
40909
49848280
40918
21274587
40922
40925
40928
61644774
40942
8139
40950
101228538
40969
40980
81829917
40989
40996
41001
41007
