20025
47468098
48778821
20040
119033432
64769636
66342504
20104
90197654
29380250
20142
83119805
20162
163335879
121917133
20172
127422167
134500060
20217
20229
20235
20265
20268
19156801
20299
65818450
20322
4042
20341
20351
15224709
24661894
70799237
85479307
62934924
20369
20379
15749021
20376
113266597
20392
20399
20404
115625925
20418
20439
118771704
16535550
30429183
23875609
20514
20520
20522
20528
20529
131878964
20547
52973643
20555
111431780
83382387
4097
33050772
138170516
121917597
74731718
20698
20703
5263621
78139682
21778743
30953801
110907732
20826
152326501
20845
20900
35672499
20921
4159
20932
20938
20937
20947
90722772
20976
168055283
24662517
20978
155472391
21016
101470748
21097
122704531
86790810
52974257
21170
21184
139481815
102257397
21232
116151034
90723070
21254
21272
119558941
21282
21284
21279
42226475
55857967
21299
89936723
21339
21344
31478643
89150340
4254
21415
21439
4263
21471
21489
21492
34886664
21513
21518
40391727
21552
21547
21551
44848189
21565
21588
21594
100947054
128210081
21685
94917819
21695
21696
21690
101471432
21736
21745
99898621
21759
21800
21807
21812
21815
21820
103568703
115627328
21846
58217819
107763049
79975805
21891
122443162
23352732
101209500
21926
21940
21950
22006
22018
22020
139220491
22024
31217166
4380
22035
65033753
109860381
147871268
98326054
18896424
41178666
111695409
22070
101209662
24401473
22082
138958414
30430804
75257448
141842028
36984431
22129
103306870
22139
22167
101209776
161240754
22187
94656193
134502088
102258379
22219
22232
82335459
22252
101209853
22272
75257630
17848135
18634575
22360
22375
101209971
22386
136599415
22388
22391
104880006
81287047
22414
22410
22413
22420
75257769
22452
85219260
45111231
22467
22479
79714282
84695022
65558520
22537
22550
22551
22557
22555
18634811
22606
22604
165697630
69752939
22681
22697
64247978
22700
22707
22706
78665915
60840134
4519
22753
63723749
22764
22774
22789
4530
99899666
22807
157047067
62413095
104618279
110123312
22836
140532022
82336057
22852
22858
22862
22880
22890
22899
22916
22928
70801853
22978
22992
128735698
173300181
22995
23008
61626858
23028
16538103
23041
136075824
28072542
23131
37509744
23159
40655500
109337229
52976300
23232
23240
23243
23246
54024912
111434462
23272
101210874
23292
75258624
23312
23340
23344
54811441
23351
106978106
31218498
23366
23368
18111316
43277155
39869291
100424564
59792267
81812378
105143197
125328309
23478
133192640
23498
23492
23500
23497
23524
23527
23526
23529
23528
83647471
23554
23562
4685
116415511
37772319
23584
23594
92036150
101211192
4693
23625
23626
23627
71851091
23637
23640
23647
119823487
23678
53501089
131357867
23722
23735
112221369
23738
23739
52452543
23747
58481871
23616720
23768
126901476
16538850
99900649
109862127
23786
89939220
23835
26762553
23880
18111820
39345513
98852204
23973
23984
103046579
23982
104357325
150756832
24039
52714990
24045
95182320
24049
24110
128212550
103833163
139484752
24157
33840740
62414450
24190
24195
24197
118513287
24205
21782156
18374287
24206
110124699
54812329
65298116
24262
24267
24295
24302
132144897
163864323
119824134
4835
81551142
51666745
24396
24407
24405
24420
126639975
24425
106192751
38297481
24476
141057950
35676064
133193632
24509
24516
24535
167272452
60317727
24640
64774222
19685461
92037210
76308578
24677
84435048
148136041
89940106
79454360
36462745
4917
24748
139223230
24781
24784
23355625
24810
4933
24835
79192324
24858
84173084
62677289
128737584
21520699
24886
128475460
24899
24907
161505614
24912
117989729
24926
24939
92299631
24940
120611198
24982
32793024
26763715
18112966
95445446
25042
25061
63988219
25095
34103858
5000
25182
25199
25194
115106429
125067906
25236
25237
159408799
25255
25265
38298292
25274
25294
25325
25328
75260662
39084816
25384
85746484
25398
85746557
60056446
25474
25481
25516
5079
16540648
25581
25586
25610
25642
75260986
25658
25656
99378250
25681
25694
25698
123233407
25725
44065922
25732
91251847
25747
25754
121398436
25772
25778
88630451
38560956
25789
25792
25809
57697540
40920327
25892
25905
25937
60581217
25953
21521770
101475693
25967
25980
92038527
26016
156525988
156788133
26045
26064
26067
26077
169633258
54814194
75261437
98854410
26125
26132
26140
5197
54814250
19686955
26182
26200
26225
18900612
25716367
26258
109602481
14444226
70280900
26324
75261665
26341
75261672
26357
26368
26389
114583330
26400
26429
69232444
19425094
26439
161245014
5258
26450
26479
26507
26509
45377430
60057502
26557
26561
75261905
26600
26603
99903481
5292
49571856
26646
26645
26664
26683
26682
89417800
113272908
26706
26715
26712
26738
26748
99903617
26760
17066127
5320
131098771
83388570
100165793
26795
26805
26809
26816
18376918
26837
35940580
26876
26892
26902
26900
26907
26911
52980009
73689390
26932
26937
26966
26970
52455782
148400488
26985
43018616
76310921
86010264
27814298
48523679
103573930
96496056
27081
24144333
27093
124807638
39610839
163342812
71592423
27117
27120
40135174
27144
53242386
56125981
28338722
27172
27191
20736575
27200
94923360
124021350
27246
63728252
51145369
58223265
124545699
27324
27339
27337
102787807
27364
27362
27378
29649681
27416
75262752
75000609
27427
18639656
27429
27462
27466
27468
27470
27471
27477
124545879
27480
27488
27519
98855811
27531
61369235
88632223
20474798
27579
27580
27588
27594
27595
27598
27599
35154904
151284703
27620
27626
27637
27638
27640
27644
27650
27657
115108885
27672
27686
23096363
5507
27714
79195220
27731
27738
27741
69758047
27744
27748
88108148
32795786
27790
69233828
59796675
164392146
27902
27918
5552
64515364
87321903
45641011
62418227
33582413
27998
103312737
27995
27997
113274217
28031
28032
28036
22834570
89943446
5576
28048
28052
98856346
28056
28063
28065
28078
28079
28080
28086
154693052
28104
28098
28101
28107
28117
14183901
28120
28134
28138
28146
28145
28153
28155
28164
28172
28173
47214110
28188
28193
87846443
28204
28207
28202
28205
28208
19164726
28211
28212
28214
28216
28217
68447807
28226
28227
28228
28231
28239
28240
84176473
46689885
28262
28264
28269
28270
56389239
28292
28307
113274518
28319
16805547
5632
140537534
28354
28355
82865857
118517457
28405
28412
52719374
100953881
100953883
28446
28459
98594627
28497
28498
138702696
19165050
17330051
28558
28564
52195231
38301603
28590
28593
28603
51670976
105934785
28632
28648
119042051
28680
28682
5704
28704
28724
28738
152596551
75264072
51933295
28792
28796
39874693
75264148
28860
38039751
28879
153121009
28916
91255030
28921
28938
28939
59797775
28949
45904165
28602681
28987
29000
25194833
29011
28864861
111178081
22573411
77361509
38564200
118518121
19689846
29068
75264398
14709143
60060062
29097
20738486
29117
29137
141849062
29182
118256135
42234403
86536743
57963048
29228
29231
29233
29244
29245
29250
61633093
29255
29259
40661580
5818
29278
29281
29289
29292
29296
85488251
29308
100954754
133460616
5829
29331
29337
29342
29348
22573738
29358
29366
118518464
29379
29397
5843
20476645
54555377
29428
100954870
29441
118518530
48001795
5855
29465
5858
25719606
29499
29504
118518593
38564676
29507
29509
132150090
162558804
5869
29539
29551
100954997
62157687
18117498
29562
46166910
118518654
29559
73167762
29587
29588
29606
15758254
29618
29622
38301710
29648
32011225
108295143
48526318
29681
100955134
29700
134771721
29707
29708
29715
29725
29732
30176295
29737
29739
169374772
29758
29760
29761
29769
79197281
29794
61371501
64779395
34370694
29833
16020622
100955290
29855
99906735
75265202
29887
99382471
29902
29913
25720026
29917
70284522
89421039
29948
29952
29959
5955
29968
5959
29991
152597809
112489778
30008
30012
30021
30022
88634698
162559309
30028
30032
30034
30035
30036
30038
30039
30044
30047
14185827
30058
30057
30060
30064
30066
30067
30068
41186679
30071
30072
30076
30077
30075
30078
30079
30087
30088
30084
30092
30096
30097
30106
30122
30126
30127
30134
30135
27555261
30141
30152
81294800
