93117944
56839
20241933
56846
56845
56857
94166563
75292198
56869
56874
67165743
91807283
56939
56940
56941
6872692
56949
56959
56962
56970
171237008
99671703
100982431
127721123
100982456
100982464
94428889
100720345
100982517
121167617
57089
57094
57116
57121
67690274
57136
57138
57139
57145
57147
57162
57166
57167
57178
57182
136634211
57222
100982666
29941661
32825254
14213042
150003642
78962618
125362110
52748227
98361283
57300
21290966
43048941
100982774
137682950
57352
30990354
140042263
57398
100982841
103342144
123789393
28368995
19718255
33087633
86827168
100982947
77127844
25223350
57549
112779471
57557
18145495
100983000
84730086
100983015
57602
69787924
76341535
102031652
103866682
57659
34660668
121430341
57671
57672
20242771
57688
65069408
57697
150790507
100983155
100983174
145547656
57739
47767951
11479
140042658
40427949
57781
58515897
57789
16048575
100983238
57797
100983254
57815
57848
57855
57867
89186829
140042773
83681836
57900
100983348
103866936
159441472
100983362
57922
57936
57941
57944
57957
57959
57961
100983447
105702063
110682807
58085
100983526
82109165
58108
60351229
58117
39904006
88400646
58149
157344562
58165
58174
58176
19456833
21029741
56419188
100983676
58242
58287
115139505
34137011
58297
58306
58315
100983761
83420143
135848983
58395
58397
140043295
58409
100983853
100197431
58435
100983884
58446
150004832
72934502
100983913
58491
53535872
115926151
58506
58507
58515
88663192
54584479
58527
100983971
58550
100983996
58567
140043477
58584
58607
31253764
58673
110945587
58674
125625679
58707
118809951
145548642
34923900
86566271
100984198
145548720
58806
58860
115664367
58861
111207930
58875
58878
58902
58905
58906
127723047
58922
37545521
100984374
58944
58946
58950
100984401
61662811
58978
105703041
69789318
59012
100984462
160229014
59035
59039
59049
59050
66381522
29943577
66905890
62973736
59181
140830510
66905905
59187
116975427
100984648
110159714
59289
91547553
168355760
42002375
61401050
95479821
22079501
46721045
139520027
109635637
128247865
16574521
59481
86042722
101247079
80013416
100984946
25749629
59534
126412950
115927198
59550
59551
90499236
128510117
114616490
15788208
59566
59571
59583
128772290
128510156
100985048
86304986
128510180
100985071
59655
59657
59671
59675
128510248
100985175
162851163
100985188
59765
59768
59769
100985214
59773
59774
18672010
59795
59799
39119289
100985284
96528840
59849
59858
5827042
68479477
59897
155249157
159967765
106752545
100985378
59946
140306997
59959
59975
102498827
100985417
98101835
59980
100985427
140044895
59999
60001
60003
60004
60007
145549942
140044927
33614470
60053
91548316
60070
49081005
60082
111209150
60101
105704135
60104
60106
60108
129559245
91548369
100985564
100985566
60126
60128
60130
60131
60137
140045041
60155
100985597
60157
60162
100985605
60165
60176
127724306
60182
60191
60201
60202
128510763
88927024
100985664
23915329
60231
29944650
140045129
60235
60236
60237
60238
60241
60249
60256
60257
60258
60268
60276
60275
103607172
100723591
8186762
127724428
60315
86305694
100985776
60362
128773088
60387
58256356
60393
67169259
35711979
60396
60397
60418
23391264
100985897
45149226
60482
128511051
58780770
60517
23129207
60535
100985993
60580
60586
60591
60596
60608
60614
60615
60624
100723924
60637
60644
60646
60642
60654
60656
60657
60659
60660
80014590
60674
61402373
60695
60704
100986146
60706
60712
86306100
128511313
125103441
60756
60758
44887386
84208989
60762
60765
60766
60767
60774
60779
60781
60785
140045684
60787
60791
60794
131919230
89714046
100986240
60799
145550734
23391640
60828
60831
86044072
60840
60845
60862
100986316
60882
77917666
129560047
115142133
127725046
137162259
38333986
100986402
60971
131919411
60994
60995
60996
61009
16051808
29387465
120909427
22605431
61045
128249480
120909453
120909464
61092
61664936
121433782
98102971
120909501
52227777
96530115
100986568
100986575
120909537
61153
61162
61218
120909611
35712823
61295
53276529
46198642
100986740
140046199
61305
61306
61309
95743875
105705350
95219603
100986774
100986781
25227180
89714621
100986814
61385
61391
100986852
16052196
140046314
17887215
61446
125104155
89976860
100986918
100986941
61504
16314440
100986963
28373086
82899040
100986980
61558
56946823
61580
13430962
96006327
61640
100462793
61642
61655
61662
112783583
61674
61677
140046575
61682
104132854
61684
97054968
56422658
68481283
87617799
100987164
100987233
23916900
140046719
37548424
128774545
72675744
61881
37286356
33092054
173076975
42529272
21557770
131133968
55374353
86569495
100987429
91550252
91550262
57733705
38072912
102298210
46199421
100201092
62104
16577187
82113194
62131
157086390
31519432
100987602
91550426
16577244
61928184
53801792
125891396
23393094
110687064
111735689
140047247
62364
87618465
81064896
62411
74773452
62434
62454
89977852
46199806
62473
100987917
62479
62480
128513042
62498
62525
30471271
100988013
45413503
29160629
40694970
16053435
28898499
109901015
60880105
91813103
100988198
105706818
81589577
144504147
51443028
100988250
49083740
23393638
60618138
61928872
110163378
72676818
140047851
62968
43054605
18413070
63501846
21820968
106493488
38598206
63073
112522850
145815161
26015372
148436633
23918261
849591
171767489
63185
63189
63199
39909088
80017129
139523829
135853841
93910810
137164588
63276
63297
74512197
38074187
63316
140048221
18151274
120125309
55637889
44103586
144242675
63495
63515
23656479
63528
39385144
87095369
68483150
24705107
63579
125630568
63598
76871792
63616
67172494
63642
63649
63658
63666
63668
98629821
63672
63677
63676
63679
63681
63682
63688
63690
48036053
63697
63698
63706
63707
63708
63712
90765543
63716
51125861
63725
95222036
63765
98105626
63779
146077997
63789
14743861
140048698
63831
147126621
99154272
63848
101513587
63865
42269064
63886
16841108
26802587
63902
80804324
63988
140311034
98105850
64006
82901543
64041
46725714
145291890
64114
64116
64119
57473656
108853882
64131
64132
64135
64137
126417548
64149
64161
64164
21035716
64202
112786127
37288674
16317170
64249
25754371
98106148
64294
64301
64303
64306
64307
64308
64334
64338
64341
15006553
91552600
143981403
64344
26278762
129301367
64375
64406
105446352
21035983
17103856
49085432
64514
84212742
64535
64536
64537
64541
64548
64574
64578
64588
64599
64605
64606
64615
64616
64621
90504310
64662
67173544
75824306
64699
64703
64704
37551298
150797508
64711
78445791
95485174
64760
64766
76348688
23919891
69532953
117243161
100465948
64797
29949215
121699682
17890663
34667901
38075785
64907
64552343
116981148
112000429
64961
65002
60620269
65060
102563373
92077614
15793720
65088
65089
147652198
65131
140050037
65601142
74776184
29163133
91815556
24444560
103612054
103349914
100466347
65216
81329862
82116310
90504924
100204297
65289
65297
66912021
107020065
15269666
166526801
13434712
80543578
16580443
65371
132185952
65377
97320809
65383
129564524
91815791
65390
65396
65402
65405
140050302
35454847
49872776
65429
16580506
140312489
143720372
158662616
65505
65549
91816003
167837764
12611082
99156064
43581548
30998649
108855418
88408222
112001184
44630196
65736
116981972
65749
130351329
30474468
151847153
62980344
105447680
89456902
76874010
78446884
103088427
87359789
46203194
100204859
65853
65857
65870
65880
65882
30474613
35193213
98632071
112263566
65938
65953
65977
78184902
65998
65999
72942049
134545896
29950445
66034
28901881
113574408
66085
89719340
76087856
135332401
66104
101777981
66109
87360063
103088706
28901962
104137300
66138
140051038
47514217
104137331
66169
29164187
66205
66206
66207
66214
66217
66224
44106429
66244
62718662
89719510
159974129
66308
46203666
104137493
159974167
140051226
104399647
66374
141099852
66394
68486008
66448
66486
23659481
81855469
66570
140051497
53019690
24183861
66643
140051543
91554907
67699803
89719903
66664
34669701
66698
115934347
16581776
66706
23921840
66768
158663902
66794
125109497
66809
26543390
66867
27329851
102303039
35980621
151848270
66903
17892710
66925
142935415
140051842
89458052
85001621
66978
25232806
66989
67026
67044
67050
38077942
16582139
67079
48825869
87361038
67089
67101
80807455
91817507
67125
107021878
145819192
14485062
83166793
96274015
78710369
132712053
76875385
108070523
67204
18417285
45418138
67230
62195363
118294227
80545504
90506993
67348
67383
67396
67398
67435
19990387
67498
93390803
89720792
165218267
140052464
86312945
102303739
19204102
45942795
41224205
63506487
91555920
13450
35719269
67687
40175720
67705
60885114
67707
67710
67711
67717
23922828
67728
39127190
61671584
67791
67819
67858
76089622
8456492
67888
76351819
62458189
67922
35981655
67938
61409642
56166766
91556211
47253877
67992
68037
140052941
55642610
60099058
84478461
15010307
68106
91556367
68111
93129238
85789271
129567326
60885599
67701379
91556491
150801038
73730711
76352161
84478659
42535637
75303647
87886561
145558246
37554920
28904171
36244224
22612748
68373
68386
139529026
134548292
31525701
68426
139529037
15010648
94440282
66128755
96275330
68490
15797149
102304693
146607065
24710119
64556014
85527558
65342471
92343307
93129749
28380191
63769633
100731941
60099626
96013364
81595463
59051080
68708
64031853
54594670
60099723
102304915
103877799
108072129
68808
29953243
61410575
99683610
50138396
68891
125635887
128781621
140053814
117771576
94440768
129830214
58527062
26807638
77401434
24448352
159976823
84741499
101780862
53022078
69018
137432479
116985297
150539743
69088
69090
69092
164171249
18419192
48041467
72420873
29167116
63245851
16584222
21827115
71372343
69177
69180
124587602
69206
69237
69240
78974590
88149644
128519832
69299
13776
69329
143199962
89460446
69387
69397
69399
69417
69418
133762859
69426
61411132
69454
97587024
69460
13807
89722727
132714357
69495
165220217
135335822
69532
69535
69538
69546
70848427
69559
71897042
69590
69608
69618
69621
69625
69628
9244672
139530253
92344340
69682
128782410
99160156
69724
69726
69728
69757
74780802
69766
69781
15536298
69849
151064812
69886
70062353
56693020
69932
69938
69949
69958
43585866
37818699
158929252
47255916
144773495
70010
109384080
70045
67703202
94179755
19730861
86315493
16585190
100471286
70144
70194
70196
70202
70225
150803028
128782935
70238
70248
111743593
70251
25760372
70271
70272
23401092
91558576
55120575
64033483
70362
70367
57217816
44372778
142152504
70478
70498
169415527
33887098
155259774
69276581
37032875
70587
70597
49091537
165745637
136647655
126686193
140841984
70676
70683
87102497
83170340
28906543
140055614
148182077
58004559
133239892
24187989
25760887
168367238
70846
105452746
157095132
70877
70879
50140400
23401718
70941
70946
70948
16848174
26023218
70966
155260222
140055872
19993931
71000
71015
92869999
26285437
82908554
44897688
1643931
128521629
49354148
126948789
96277950
71117
102831595
28382704
14151
92870215
65083016
160503432
99161746
59840148
56170141
20518574
140056242
96016060
37557954
72685345
78976815
96278324
110958398
25237313
11605832
102831951
17110872
71516
27072365
150280065
71564
62199703
71579
12916642
16848805
30742448
131667960
164960260
54073394
71735
90773570
117774408
86317143
128522378
69015694
166795414
71869
38607067
103880930
130095334
65083622
76093688
81336579
7936262
40442157
89200941
71981
32315733
48830808
130095450
140056928
14322
79501692
14342
16062962
113318386
112794106
61938171
52500989
61151766
79763997
72260
169417286
35461709
72277
65083997
30218886
38607504
150805174
72382
87628489
72405
125115108
70851313
50666237
72452
72481
22092593
111745858
70589266
121707389
72602
100211631
28646323
40180673
15014850
25238471
53287893
72690
77667324
99163138
91560971
114367510
85984663
45423652
140057639
18160710
80288843
27073617
72805
29432936
105716848
105192595
21044418
72907
128785617
17312741
150281449
51715316
72976
54598937
78454072
73034
92347724
73084
73130
73139
73147
119348691
73176
73179
73187
97590756
21044752
155262488
85007908
14562
112795205
55909968
161029713
84221530
73326
73348
14579
73375
73382
139533993
73385
73386
73389
45686446
57482927
107552437
152379065
105455295
91561664
107552456
73412
113057492
73427
73451
107552498
21569268
73466
73474
37297926
73475
73479
73485
73489
73497
73502
74522404
73508
73514
73517
110960464
18423639
121708387
25763688
16326560
65871776
59318190
73648
73675
141893603
26025988
48570380
73740
123019278
73778
73779
25763891
104407096
73787
43065412
14670
59580504
54861917
73846
73849
16851087
120660115
120135830
135864472
73878
73886
73887
101523621
73917
14491839
79765696
128786623
131145922
53289174
129835231
129573089
124330210
23404795
73980
74008
74011
74014
104145184
74033
74041
36249945
49357171
119087535
16589254
17375692
32580047
74203
111485414
78193166
17113616
86057489
77144605
81863201
74281
74283
74286
14768
74306
74307
9249352
74316
128524916
77668980
74356
128524943
105718451
37036726
111485663
89989866
74516
95232792
129835823
74605
11084662
47260556
74670
74671
67969975
101524411
45163481
98378731
63251440
61416436
25240578
65872906
51455008
126428225
74818
144254025
119874644
121709665
55911523
114369643
122233964
156574854
165225621
74917
78455976
91038890
128787645
17900738
59319507
33367271
122234107
14492938
75059
75072
23405889
28386644
160245146
87631290
140060136
159983090
108602891
61679170
17638981
101525100
78718574
75376
86058616
75390
66135687
133506705
129836698
57485016
83699418
75310833
159459065
27264967
43853647
75599
33367895
19998573
140060553
92088219
60630954
58795948
110962611
116467644
40708029
165226465
54339568
166799363
21047316
135604253
135604270
70068292
16328784
89204820
75874
87631976
75896
75915
95496368
93923537
94972141
15108
101263603
15110
15111
113584388
78719271
91564330
67229
123283820
56699261
76168
67185041
173615505
78457237
54340102
121186837
76335
76346
76349
140061273
19212976
140061372
76495
20785875
73214711
99691261
19213056
76549
127216412
26291010
15227
7678802
128527191
12659552
115420002
140061567
145304455
76698
76702
106769319
142158761
104672173
76716
76721
76722
76622774
76727
67109309
76752
34417622
76772
8203252
28126216
78457877
157887523
102837296
101002296
39398460
14756925
55389265
170208354
30747766
140323973
31272069
133770381
13446302
77006
77007
77008
77009
77011
77012
77014
77015
127216859
77021
77023
77024
77029
77030
77047
77048
140061949
21048585
77066
15319
77076
138751308
46738787
17902949
44379497
77184
61943170
77187
77215
27078054
55127472
89206245
91827699
119614975
14757462
167325273
77407
77439
57749122
119090828
42806946
58011309
157888175
77495
77498
128528083
103886554
106770155
118304504
15417
107556612
39137052
135606059
116207411
88682305
104410965
155529052
67972972
26029947
96284546
141635478
103886777
109391809
43593666
51982285
80556013
137703407
44642308
84750378
77887
67448922
171782248
77958
25243788
91566252
151859397
78038
78052
64041270
78148
78149
54341961
115159372
97333600
78176
78184
78187
78188
43594096
132723097
27603358
39137729
30224846
142160349
21049830
15282673
41234956
107033149
62206526
72168013
27079249
144519767
78478
62206624
90780350
78529
96285407
111751906
67187435
121713425
78641
92091195
83440465
78674
109130597
62468989
78730
159724478
54080450
78831
78842
78844
78847
78849
107295751
39924759
141374495
17118270
57488453
78928
85537878
66401379
78961
67449978
118830204
79008
96285873
40973515
34944210
70857952
60372199
93926652
31798552
111752492
79180
132199763
47002986
15750
104674714
112801217
79298
79306
86062573
141637127
82916897
18429486
55916114
37303917
19137654
39925382
15802
18691728
15804
61159108
111752909
114898664
79609
79629
79669
79672
151336783
79708
79709
36255631
60372896
79802
15862
56702935
156317681
90466960
22100012
79918
79939
79940
79942
79944
79945
79941
79962
79964
116209759
23410785
79967
79982
79991
44906618
80012
75315341
21051562
54343866
15917
87111909
51460332
80120
103102764
80174
80175
55392560
80179
80195
80202
80205
80207
80215
80219
118045024
80227
80228
80237
80239
80254
80257
80259
80322
80330
127220174
80338
80347
80348
80354
80357
80362
80367
55130619
95238670
80401
109918758
80437
80439
80460
80462
80465
80475
80477
123026015
80495
80497
99170949
15809157
17119883
104675990
66402982
62732978
25770679
17906367
80576
80574
130104024
106248930
61160193
140065548
22625043
150289189
90520408
16046
16047
16049
80766
80767
80771
80776
80778
104151950
80785
80796
118307766
137182142
24198102
15809534
157629449
132725826
100220014
21838969
81104
150027504
60898549
81145
136920315
81150
73743629
53296446
60112196
51199306
102055244
40451433
81261
99695994
81282
33111444
105201051
100220316
100220329
122764722
132988340
88686029
28392936
51650403
159727129
95239715
81460
18431544
101006905
24460891
121454173
72171103
78724710
16201
91569773
100220526
100220542
79511174
16215
152125134
33111760
16229
139542266
58801917
140328705
43597577
21577482
77938464
137707306
40451905
102580052
81756
81758
81783
81787
19218315
152125342
81840
140328884
34422709
81857
81868
81878
102055922
158154745
19480592
141901961
108347571
28655816
118833399
95240450
119095599
78987568
95240505
96551252
85016920
107037025
121454974
17908112
130630066
112279996
89473492
100221404
96289253
25248234
112542204
155795964
42549763
166543879
100221454
160514591
15811110
82476
111231533
124076609
82507
113853004
20005456
78725720
82528
54608485
155796081
72696444
112018045
102843008
82559
16597649
82609
82628
82629
34423506
66667226
100221673
56181496
146359056
31015708
110707504
48579421
104416095
119096174
37831545
88163213
24462223
16466
48055202
58540965
116474820
82892
82894
100221906
38618071
15287288
148194320
86507729
77677619
