100222091
18171035
29443228
83107
100222127
83131
39404736
29705435
84231389
92095720
20479053
25249062
83258
106775870
83259
127747425
83305
78464393
49628557
33375646
131679650
83377
151864760
42812862
16598465
117523913
35997142
103892446
86590957
34424306
83447
127485435
83458
54871571
86328866
16600
76105284
83567
83618
128534188
88950462
168904395
31016655
77416146
106776312
83715
71911197
123029305
83783
83792
37832529
83794
104417107
96028499
24987521
24725386
143476637
25249759
129845242
94717968
16698
123291711
84045
100223078
16712
84116
75057311
84130
86067390
73222362
82135294
130631952
72698143
34687264
99698976
83970352
13977922
59590999
54610266
38619498
27085167
34425237
83970469
21318071
16777
88164797
156846534
123292147
141118020
31017554
160516699
105990756
100223617
109398662
37571262
43338433
142166778
106777344
19745551
124078896
81349450
74009427
55921517
141118319
40979351
136137628
51465123
84963
61688804
16888
30493679
84983
132991993
84991
84993
13192212
112020548
14502986
94896755
37833817
87641200
97340529
17124477
97602687
108874902
37833915
69553357
128535762
17575698
31018197
90524905
95505657
17124630
114380087
100224323
99962195
12930392
58281342
75582887
102321603
153177566
65359341
55397940
88428089
124079743
150556322
151604904
137449128
142692064
136400631
127749881
171003649
114904832
85764
100224809
49893203
100224854
75321181
47533919
128536427
33902457
96554880
48320405
40456091
154750886
155537338
17085
34426844
7950312
38359053
100225054
83185695
154488885
128536633
127225937
60379246
68505742
58282139
17911976
128012457
99963072
128798931
62214369
99700977
59068681
168907019
45699346
126701857
78729518
25252147
141644140
117264751
126177656
54088062
63263112
130109833
117264776
91836829
117264802
80302515
150032820
136925627
117264838
117264846
105206222
164188623
117264888
70341112
63787533
100749845
117264917
100225568
65884724
68506167
99963462
44913237
17216
70079078
100225645
105730670
128537201
99963541
66933403
26301110
99963631
41505522
154751734
43340563
126178089
126964528
45437777
20271971
100225908
50942871
24466363
35476419
17288
131421142
117265370
95245307
117265407
145839105
117265412
90788878
1659921
30233627
46486603
117265497
117265517
13980872
121722099
124605708
101537049
153703745
69817689
159733112
20796795
123032969
65885600
83187118
16602547
55662012
62477803
63788524
17400
155801105
106780182
138237491
17414
50943558
45176393
100226633
130897483
78730830
108353130
152917614
26302066
67982972
99178113
28137090
38834281
51205786
114644672
89740994
94459619
96556788
92100347
100226848
110974780
50681672
101799772
121722731
118314865
69556090
103285937
59332527
117266381
100489195
117266431
117266451
117266469
100227117
150034484
134568017
117266518
17525
67197040
166549662
24467622
120936642
90527947
117266657
40982760
22370539
147151105
100227350
65624361
43342151
140859728
98130266
30234984
117266814
49633669
117266858
17595
152918552
133519901
17612
56449579
17614
118315571
140597825
100227651
91314769
119626349
138238627
107829954
37575373
49634004
78732002
156326629
98392808
83974921
19749663
69557039
123296629
99703670
152918949
112810960
95247312
100490207
82664431
110976017
120675347
83450925
139549776
17726
51731555
32595055
94198910
17732
17736
119626902
40721569
89253
69557491
65625331
71392519
39410988
78120412
125394305
80567698
95247769
23158178
98655673
36003266
84762052
79781319
128540105
29187555
69210801
72179214
15818270
123035166
67722836
105209432
96034399
40722022
89715
14245492
89727
57761420
70606502
102325965
121200359
101277436
48062217
110190390
100228926
71130949
130113353
100228955
18702193
67198853
19488658
80568225
107044803
92889042
8740842
79257608
109666355
36528214
122511457
57237622
81092743
21586069
77684922
78733513
91578585
19488988
160522486
40460536
44392740
109928743
101278034
169959832
57500076
49635782
100229595
22110728
17130016
19751476
159998533
34169526
156066533
63791856
39150321
76112628
31023886
25781011
16343851
90268461
51471149
153707311
100229951
103900010
15033253
73229232
18099
105735109
18111
83715076
69035014
18179086
169174068
162882623
121726021
113599582
18136
14771319
48587904
49374343
50422940
137979054
128279735
75588805
125134023
145843402
171271419
145843454
115959056
91413
59860262
134833461
72705382
19228051
100230547
54093228
110978513
36529730
100492886
27616877
72443550
100230841
157378286
158951190
75589424
23422809
126183261
102328162
85026668
92053
92067
113862568
26306490
100231120
28141529
33646572
110716931
88696846
108095555
101279812
146892869
100231271
20801652
102328451
109668499
99969177
39938220
16345271
60909769
48589010
158689499
54880540
72706364
21064001
40462720
129067402
124086718
18410
58288595
107571691
92652
69036529
105998834
92668
23161345
92690
100231701
92697
26569242
126183986
32336529
168389269
90270398
132737728
23685852
67201774
60123891
14248694
18468
130902782
94464776
108620568
110455580
23423779
122514213
139815723
92973
92996
168389479
130902889
58813296
81619845
62745489
81619868
122776495
37841870
67202005
3763171
78212075
37841925
101280782
24472591
139553829
138243130
157903961
43871332
116223089
27880618
20802751
111504601
16870627
101805293
96300276
67464441
7957772
76639506
128806191
100232516
123563333
135621961
88698216
53046651
20540808
90795409
66678166
90533288
50687410
58027481
121728493
107310586
53833240
72183327
103640640
89484874
56192598
169176671
159215229
129592964
102330011
53833412
90795721
42823382
123825885
56192734
97873630
36007712
93984
42037028
93991
60124968
73232177
18687
78737229
71659359
97349506
20017031
112291751
72708048
109408211
163409909
80834579
124612641
99708969
90796095
27357247
94285
94286
94291
47542360
27881561
111767650
128544877
28930176
132214918
59863193
138244353
94484
111505686
94466340
45707578
37056857
16871773
37843327
28930438
18968977
88961449
104165803
53047724
62484936
94668
94708
100233721
83718652
66941439
94466561
94722
94760
94792
18182735
41251426
35746419
94886
35222198
94918
94934
38105824
94949
58553063
55931643
50164483
160264963
23425801
90534674
48853837
86340431
28668761
83719014
95090
23163805
95155
95158
18915
19231687
28406729
59077609
71922665
18925
107312128
96564239
114914325
94729238
18932
18936
126186539
59864116
27268890
123565125
17134685
35484772
108360809
100234346
78738571
140866710
106001575
143488176
95428
169178335
29717750
28407037
15037752
37319998
18445644
38630739
85030239
15299975
19010
67204515
100234674
19015
19020
23621760
89749043
86603316
83981888
19044
19046
19047
128546392
51476059
16873073
90273407
19066
37058234
147945154
19070
100234966
19075
119895790
33650449
19085
19086
103905065
19090
130905914
45446985
48592715
101545806
33388400
19107
120944526
41514905
19112
16611239
19114
17397683
42825689
31291360
19135
19136
19137
83458079
33126432
19139
19141
19143
144537661
107051070
36796489
19148
101546073
48068717
96367
21592216
94468275
87914688
96449
19178
59603188
72972619
45709656
83982715
91322873
48331271
91322904
117799482
117013052
96303686
19249
68516465
69733281
37845662
19267
42826428
123828932
43350755
81099505
169704220
128547646
130120512
55671630
23165798
91323239
165510001
19312
26573710
102071194
14252975
81361888
117013493
139033618
129334297
23165988
45186188
114130062
17136819
20282549
10845372
106003661
27884755
17661231
97585
71925050
102333754
29982032
91848027
49642873
84770212
97708
101547444
33127911
36797948
19437
128810499
144539156
8486432
22904392
106266184
100236996
168918758
66158322
75071254
128810776
98082
22380362
87654218
98126
113082194
80314203
98165
121733000
34963344
63012757
95256500
100237267
70615008
52527078
90537962
143491052
98306
67469332
78741531
145326119
91586619
84246609
91324503
46235783
102334602
98444
88965273
136413422
52003110
112820566
150569302
98663
20283777
100237699
126189964
126190003
136937942
146375159
135103023
59867712
26051216
86606481
125141668
44925666
16876264
163152634
102335233
105480985
144540453
84509491
135627573
18973500
21857090
25527124
145589078
140608343
44663652
136414071
111510406
104694664
95257490
137462701
36799410
19729
107578307
10060742
122782665
19732
99293
96568293
60916765
53052465
18973749
160793658
99385
99396
37585996
24478804
90014820
169706621
70878343
33129635
19780
147686608
117540058
52266204
15041763
30246147
76645667
19801
19803
39159103
19806
120161620
111773023
49382764
107578746
60130698
60917130
96568738
32343471
73762224
22644151
14779835
52528578
39159332
99893
39945784
105219646
99913
63538785
99970
99974
99979
55150223
101287578
153716387
61441718
107317004
100114
70354753
25003867
132482909
137201507
127240048
96831357
25790338
87656328
124094349
20023186
60393398
52266951
128550891
131172340
85821453
153716753
39684115
87394331
100481
98666635
112035996
120586684
121735384
119638238
115181813
28674331
116492577
137464107
96045370
100704
123308391
157911402
71928198
20547981
100750
21334426
100768
110725568
100830
100831
94734817
66423266
70093286
107317744
56461820
142707208
37063206
31558192
100938
100939
83987052
27626108
43354754
20074
133008053
63539900
23956165
139561683
127765209
49384177
37849852
114395904
145328899
101134
41519910
101194
101195
16616272
80579436
125143934
18451334
75074467
75074474
49384366
108366798
14713235
28937217
120687636
101402
86608951
101433
124095552
20286549
95421055
96570546
69569768
165776636
64589125
38899015
162631031
20226
59084201
134057385
98667957
149261757
34180544
16879053
107318745
84774370
162631140
96832997
139300331
38637041
140611076
101895
101898
129863191
162893346
106270261
95784515
15044165
54103635
84774484
139038335
14519944
164204177
96308890
44142242
129339121
15044346
67997444
63278854
91066124
20307
20308
123572019
129339196
55414640
93163378
20025207
18452344
102302
91590564
23695269
129339304
48598969
115970000
15568856
96571361
26578925
20352
18452497
94474260
62492742
144543835
72454260
137990267
62230695
120164528
92901576
19763411
15044825
38900005
104960308
42307894
97620288
29200711
102739
102863191
57512303
102769
110727546
43880851
33657241
94998992
90280441
62493180
18453025
30249536
131437135
90804835
20478
59085490
93688505
71668454
43094770
16618296
72454994
81105773
52007799
103328
103329
103355
103359
103363
84513734
141661127
31298523
33395692
166040575
39425032
71930889
60134410
48075796
103470
103472
103473
152933431
25531450
87659620
152409206
85038204
103557
103560
103563
103573
103578
98931889
159225017
39949509
144544993
74814724
73766172
103725
103734
103738
103737
103740
109155650
106534221
103762
45978969
103769
103770
103773
103779
132224356
111777127
24745335
155030905
18978201
86873500
95786398
35493290
49911224
42309060
140613068
123835908
18978383
16881232
109680244
104098
50697900
23697078
118068923
91592433
23172897
21337896
104241
16881470
52795199
22386497
12687182
20027243
111777645
56989589
96573346
71931812
37853104
106797000
95786963
22648830
110991365
128030727
17930248
25008153
101292068
30775370
54368334
104530
16357465
104541
104550
86087789
140089474
20788
68786330
119642273
129341649
92641493
166303986
75077904
135895359
65640787
18192748
104872
20845
17930687
104905
18454997
35232216
101030375
153721336
75078137
39688702
71932414
87398921
29202964
87661126
92117596
51223146
105137
105141
171547321
105177
105179
96574226
160799570
127769468
54107005
105350
105354
105356
161586075
20944
105381
9804712
67476418
105442
105443
20959
105453
129342449
87661570
99195948
48077868
105530
124623933
105534
108371010
93690991
105593
105595
105600
96312448
120429701
91856006
85302415
105613
28155031
11902142
105674
105688
31563000
111254785
105744
159227154
114662703
34617535
86613425
96312764
82943429
52796888
86613478
105992
20553253
106021
65379884
106032
106046
49651273
106059
106084
106092
53321327
106098
96050820
31039111
34446984
125410964
106141
106144
106146
106162
92380853
106170
64331461
153198281
152936138
106195
106209
106231
45981456
38641441
106287
95264564
115973941
129867578
60923722
106324
106325
106326
106327
114925408
106360
106364
106378
106382
106394
25272222
106409
106448
27369429
106452
106472
106476
153722894
18718747
23961639
106538
106539
75866193
21185
31563881
118333548
91332747
106636
106638
28418193
106645
106656
106661
106691
53846216
81633480
106698
123576526
106703
106704
106709
50438371
123838691
106733
106742
106746
106750
106761
106760
51224852
96313638
111517992
106798
102867251
106836
106878
106880
80322973
95265186
52437025
96313789
103129533
28573785
106947
46506458
31564255
106976
130130420
23175674
67478013
107036
18194994
107058
31826488
121217592
130654780
60138052
79798853
107078
107079
108634696
16622154
107095
126460514
101294701
88973938
107130
107136
16622213
21296
107150
107151
107157
107178
107182
107186
63808179
107190
69313207
90546891
44671713
107238
107240
107245
107246
107247
88449794
107284
34972439
107290
79536974
30253935
19768182
87925634
52798362
44934049
2728891
71148540
101032998
21380
67216455
139568213
129344620
17671367
128558292
150316251
46507250
84518170
77702431
61187363
77702455
77702463
21436
99460481
16622997
21461
17671676
66692616
91072017
67479059
104441403
95682880
108143
62498418
108151
108163
41526943
60139199
71673549
81635042
53323514
15050503
106014501
57517897
123316074
127248236
72722293
95266718
30517158
12691382
90810313
40216589
87402534
24750119
140879936
15312961
139831372
22390863
38381654
17147992
21594
52799594
118073459
119646346
30517387
71936138
126199951
96577726
77703400
27371789
92645664
70887718
25012626
108947
164473238
108951
27109808
89237964
25536984
75344350
147171814
155298289
119384564
165784080
113879630
21080683
167619183
90811016
20294291
149007025
50965171
33925819
39955163
91073284
91073303
118598470
165260154
56994686
66169732
34188175
42052507
17935260
40479677
82684904
109568
109580
108375060
96316448
109604
107064359
93695023
164474028
17411259
96054463
16362688
21816
99986629
66432211
109784
109785
109798
59616514
56995095
39169305
109850
73510187
37858614
106016085
139046235
75083115
100248949
17673616
96316832
59878852
75083221
90811883
21882
69316122
88190597
114667162
31567536
21916
119647948
114405112
104443648
9285422
14266199
83210085
49393518
82161532
109424509
21955
61976454
146911116
33664939
166309815
123842492
28159994
36286462
91074579
80064568
16363625
106541201
145600702
55161052
22029
23703810
87404827
129347881
110914
95269193
129347931
44937591
67219834
137474436
129348032
22074
129872432
22112
152679062
74560206
66433759
22130
90288927
147960628
97891145
88716126
64598893
142193523
111504
111527
72987570
42578907
95794152
127251435
90027009
93959171
33141762
66171913
145077262
139834399
77444138
22197
33141824
22656072
83997768
83997787
133543011
69842068
40219849
111820
111873
129348873
129348874
19510544
26588435
129348886
111929
111932
22656327
89240932
76395928
106804640
22284
106280445
114669067
166049302
58045988
111523366
65386026
164214317
25540154
131970628
114931292
139572858
112287
104707775
129349315
78231236
72988389
113096428
88717043
130135824
147961659
88455027
136951674
49133437
62502791
86882197
105494429
139573165
9287612
29210567
17676235
123320269
141408228
30259179
18724868
112694
113358932
37861469
112748
112790
36026528
59881637
33142975
80328905
112842
130398416
93436113
31570139
42055903
147437838
22133028
37599528
101562695
90814802
81901946
55163258
44939644
131447214
111524300
109427163
53328352
76397042
48791051
140622380
96320098
83212915
16104060
22526
96320197
132496075
107330273
87669487
113409
69843718
113430
113440
128301912
109689695
113538
113541
113544
64863140
92126120
84261829
66960401
54639680
113775
130137211
91077763
113797
131185800
113805
153730210
88980643
113829
38386861
87669940
113855
20298948
58571975
113863
113872
67484899
113892
113898
166313226
70368537
55950664
113992
114027
114032
77970803
114035
151633280
114082
114086
114089
114094
114097
116243905
114122
18464242
145604082
88980999
114195
37862962
61455930
111263299
33144417
17940090
114340
114374
114376
114383
131186392
38387419
15056619
114465
158449464
22758
15318882
114552
40746882
140361622
114584
25542563
50708389
114599
114602
119914423
123322314
28688341
96059352
105496550
83214314
114694
114695
114698
130138126
114722
114726
114737
114738
114740
57000003
96583754
114775
114794
19513455
114802
96059540
91340953
165789890
111263940
105758920
65126608
21086432
45203685
88195305
114936
98156793
114950
114964
29737239
48611610
16892188
114974
114977
124109105
115008
115021
56476006
21348728
44941694
104710539
107331994
152945085
90030529
135905760
22135289
22659596
41796138
111264310
70894136
111264321
85312084
48087640
91079290
115325
115337
115339
115344
104186521
115371
115380
115391
93962951
104448721
49136354
115436
107332338
115474
53068573
115491
40223542
157926214
140624716
94225238
80331610
80331700
86098891
45466592
19776483
115685
115688
115693
50709496
39175164
90031109
95536135
66176016
41796631
33145922
115783
115785
115795
115796
115797
43893848
115803
115808
115809
115814
115817
102614210
112575682
132760815
99730702
122012955
36029733
116005
95274313
116047
116050
119915860
116052
116066
116068
116074
116076
116086
15582588
116092
151635336
116107
124110268
116158
116159
116162
69322184
99468744
73516489
104333607
116172
116176
116179
105498099
116236
116242
116245
116253
116257
116271
116274
116281
119391826
96847459
19252848
116337
116385
116388
38913729
101828295
99993303
23144
69322463
100255462
116466
116467
116471
101041915
116475
46253854
116534
124372794
110217050
116572
116576
116579
116578
116582
116583
44156799
116648
147441635
116708
134858738
59361281
99207177
23205
116755
63555607
96323627
104450123
60934235
116852
124110966
5884032
105498783
15321249
104188081
101042364
116953
116979
19777782
116986
119916825
117020
117025
117026
117034
82692395
85313841
85838129
117048
117095
38914420
99993992
63818128
105761201
127519193
81381857
151374322
35244554
78760474
134072870
86624809
69847648
28691049
121227950
62769866
112315085
22137570
42322665
139578096
22137587
34982649
35244828
101829425
60148547
26594181
142461880
101043142
60672980
65129432
16894956
37225055
117742
49138672
117751
117764
117782
109169704
124111928
23710787
28953670
117837
117843
117848
117858
87673965
117882
75353255
9292972
54906029
70896840
91081946
86887644
12438752
62508273
23710976
46517506
94489865
26856719
118041
36031770
118047
104189312
120442253
41799054
74042781
148229611
123588146
75091571
106024581
131452557
80596647
106024646
145608392
101568233
129093373
64343816
23560
24760079
15585056
61198122
135647051
118607
118609
118621
72732530
74567539
90296182
118648
86626172
118657
118659
111529860
118666
118673
118678
118680
118685
66178975
23592
71946168
33411019
25022424
17420262
66441191
42061800
95014892
28168173
58052618
95539223
149803042
91082787
153997363
65654921
136695983
101568708
27119820
41799893
37081305
25546976
72208625
151376136
69849358
101044498
52285721
27644222
75354448
85315953
57004402
118083971
34460094
123589067
89510353
165794293
42848757
165794335
23727
23728
86889074
105501303
100258455
101044900
128570023
30266052
108909333
15323934
93704997
27644754
105501544
96588650
148493197
114152349
103928740
112055204
64082865
119133117
53334975
40752089
45995008
40752137
38654994
144036882
56864
100258854
30266406
131191856
79549503
109958229
81122441
51762322
98948311
14800126
61461831
118871379
119919972
50713987
39966086
103667097
23900
72996296
23975370
55432705
111531578
14538308
123328080
16373381
109958815
121493153
46519986
27907857
89773865
138008365
67229529
143251300
36820837
23987
109434786
105502631
107599786
38131628
141416366
21616564
110483390
18208772
125163535
25548824
75356205
96065582
24026
24029
73259108
24039
86628470
72734909
89512160
119658721
24500458
119658730
22927611
54647074
85842246
23452047
16374175
67492265
65657267
50715066
101308867
31578620
18209295
157669903
101046824
29481559
47569542
32365226
18471613
67230399
51239615
59103938
101309147
45734683
63560499
58579770
91085660
114154333
22141794
106290031
38132599
66968446
24194
70638472
58842013
48618412
162913204
81910719
129883079
91085796
57793513
107076598
87415806
81648642
134863877
102095941
160554077
129358992
46783644
74570946
129359060
87153882
61988120
8248602
162651423
61725984
152952114
134602042
25812300
44948839
14540155
91086211
134602159
54124017
102096440
24333
105504349
166321804
10870512
33152765
18734847
147447555
162914053
143777572
60940073
27909943
101572441
24390
102358900
20570039
92397505
46522375
103145501
106291242
15327302
36823136
98951279
24449
34726024
43114649
108388515
130408611
63037622
129097917
137748687
91087094
65921298
131981631
27386175
98951521
75096431
55697776
67756401
96330116
75096467
135651766
22667706
16376251
90300876
30794213
173400549
97378814
19522054
75096615
36037189
46785114
62775913
131981936
21095035
66970259
36299415
75096733
82961078
24564
87941839
75883223
102097633
137224947
105505548
28435257
156623681
64611158
43377520
83747702
78242686
19260309
159245222
28697540
143254472
57795530
50979847
27386991
114156686
117826705
21619889
42853555
138536127
104719571
19522795
24679
71427371
44688684
21357875
128836931
16377187
65135986
86893971
122807711
100525486
157672891
145876446
125429215
130409966
91088408
117040707
19785284
79554123
98166356
130934365
105506414
54388341
65136294
144828075
65660613
78767834
34203357
50194153
99477237
18474812
143517510
54650704
79554402
16115563
69068701
17426387
24832
97904682
123070516
146925639
112322632
101050444
6154322
19261529
11921502
96069785
119138521
109439208
57010410
60680445
98429220
19261754
164751685
75098492
97905043
15329703
147188154
106555836
112060879
158984670
11397602
29485558
15854078
23456258
104720919
103148056
160033339
48622144
51505728
85060164
32369220
120973913
37087839
50719328
22564781
17427108
44165874
53603090
163179306
91089726
48884544
91876161
52554569
17165167
43379600
64875417
128576423
31321019
158460864
82439129
27126754
75623443
28175421
26602564
90565728
96595052
128052339
91352195
17165447
135654538
58584214
28699799
56224931
77196464
111537335
121236677
34467025
21621988
124906733
125431038
37874957
68021548
84274510
56749391
121498979
90565991
74050968
131460530
103673281
32370118
27389385
91090390
