9999
10002
165685054
10049
92284744
10060
2003
10104
138684302
10133
49293219
68429739
10160
149694389
10184
77342688
123217890
113780711
2031
132392957
103819266
10247
22554658
90449962
128460845
101460038
10313
10324
81799270
77867125
18884734
39331974
57419911
10380
38545590
140257462
109848788
89401584
10504
10510
10538
107489599
10583
10598
10601
10607
10606
120596858
109062526
63187341
10653
10654
32778660
79178154
10659
10699
30157267
101198296
10720
165947874
56109542
104081911
10754
10770
10800
10804
10805
27798087
10835
10833
123218538
10858
10868
10884
60828301
10906
10914
114829997
10965
121907968
101985053
51391274
2197
2198
61090619
126102344
2204
80751459
49818472
126102377
149695358
154676115
38022046
155200420
2224
30157762
86256579
44837867
128199669
11261
121908224
126888960
42478595
121646083
89926667
11313
126102594
11340
105655395
99101799
11373
148647024
62139524
157822097
53488790
2279
11474
25177306
11543
11551
114306352
11621
107490677
11683
139210152
97791410
118500790
11750
18886127
135278102
11799
35401245
140521011
2351
88878646
84160074
11853
11854
104083026
2359
77606561
96743097
11988
50081558
88092457
61091715
18624390
128462731
20983708
118763443
133967797
65286101
12256
12595222
71577670
12366
113782873
107229280
151793784
20983948
55062685
41955493
106442917
39858366
52441287
66859261
88355079
114831647
35402027
12607
12609
2510
12683
12687
104083880
12712
12713
2530
57946564
130560461
128463345
170406393
17576443
68170250
20984345
158872096
66335277
14692933
2559
121909844
121909847
49295976
2567
15217276
84423299
121909900
13011
74724111
165688115
46674759
48247651
13179
43529093
13199
95957938
113259461
88617950
115618814
46937091
13321
13326
13330
94909469
144454702
94647365
30946376
2663
13404
18101356
109589649
13468
13474
13484
136852682
60568819
13574
148387089
13586
153105688
153105691
13609
138949930
18887980
78918972
159659324
13653
77608334
13718
154416571
13764
95958500
13796
13808
100677107
13810
13814
13825
13820
33306117
13831
13834
17577486
13848
13849
13859
13861
13871
149173814
13880
13882
13889
13900
49559130
101201499
105395808
13922
13931
2771
14956151
130561686
100415148
14017
14044
166475494
14061
50870010
146028285
75511568
83375891
14146
14149
122435405
19937098
14159
43267932
14178
14180
14184
14176
14188
14190
14229
108017565
93337503
17577892
14275
14276
14280
14292
94910427
36714486
108804086
14327
102250506
14377
105658434
14402
47462479
25442395
14430
107493471
121911427
14460
14479
14499
34617535
139999424
76298445
30685406
15218911
106445026
28850418
14582
14599
128465161
85211421
14632
14641
125319489
53229896
66599240
14676
14678
14691
14694781
39860627
14766
14778
41433535
14785
125057479
14790
40647117
14799
28588533
55851527
61356555
14856
76036641
84949563
117455419
138951240
14932
14937
14945
14939
14951
85211757
14964
31472249
14974
2978
14984
97794706
2980
15002
87046818
15009
15012
15017
15024
15025
15034
15030
2989
87308999
2991
110639818
31472329
15057
45628119
101464799
15074
15076
15079
15084
15089
154417916
15106
15104
15108
15116
15120
15122
15131
15135
15132
15136
15137
15139
15144
18627369
15145
15146
15147
139737918
113261396
70269793
15202
15203
15204
15205
15207
15206
15210
15212
15209
15215
15216
15217
15221
30686073
15225
15218
15229
77347710
15234
15235
15237
15241
15236
15238
40909710
15252
76823445
15276
25967542
15317
57949157
15332
15342
15365
171719701
15385
103562281
15407
59522105
15423
15425
15429
78396492
15438
15431
15432
13384792
15449
38288486
171719788
14171258
15487
15494
15506
15515
3085
15527
15549
165428425
134220822
15567
15592
15595
15596
15599
171719922
15604
15608
15609
15614
15626
15631
15636
15637
15638
15639
15642
15644
15650
15659
15668
15664
15672
15666
39599419
14957886
3118
15708
126106981
114310504
15719
149437804
15726
89668978
62406033
32521627
67386782
56376739
15795
83901884
15807
15812
17055173
172244431
85736940
101465583
40123913
15889
15888
71056922
114048557
113786420
15939
121650758
15967
119553643
121650797
15979
15992
16002
16009
16019
3186
113262248
121650866
69222068
159923910
121650887
16090
3207
16185
16187
16188
16189
63192897
16199
16196
34881360
60833623
16221
3239
19677108
81018812
16336
16337
137117676
113262573
121651208
66338825
78659616
16418
20725796
33833016
16446
70271040
16451
71057487
81018961
103301207
16484
82067560
16491
77348990
16521
16523
16537
3289
16549
103825583
16562
110379203
16580
33571016
3299
101204196
16608
16626
16632
110641407
3314
113262889
3317
113262902
117981498
16705
16706
26493253
40649030
16719
16718
14434647
16739
16757
16815
16846
84165072
16857
3351
16880
89407996
16910
16919
16931
3367
55329345
16977
70533723
141836905
46416494
92278076
109855401
61096651
17116
17137
17138
17146
17167
38028057
17177
17187
17188
17190
17199
65815349
137904950
17207
159925076
64766809
90719066
68436848
27804545
151012226
128467854
126108560
53756845
84410560
17357
17358
153109457
17376
17384
17392
17397
113263615
17399
17409
84165634
17412
67912710
14697488
17431
17445
17456
17457
17460
17466
17469
17482
17488
121652309
121652333
17528
150488218
121652389
120603826
121652416
17611
3502
67388629
93340898
101205229
55854318
3507
17647
3509
124536062
17662
17675
17682
17695
75253034
17732
88622412
61883740
113001822
17781
17786
17790
30688663
17818
17826
59262388
3550
56903115
17890
17891
121652714
17914
19416589
121652751
17947
120604210
118769224
18008
18022
18046
18057
18060
86001303
109856410
83642032
3597
18093
121915062
79709882
63194812
121915075
56116936
61621973
18137
18139
18145
18144
18150
18147
18155
139478774
15222519
22300427
104875788
121915147
18193
18227
18228
43272001
89409348
79185732
84166487
78399320
35145564
6309742
18286
18298
92030863
144459667
18317
28067759
18362
18385
52971475
80758751
35932147
32262132
18449
76040219
85215269
16795701
90458184
63195221
18520
16271460
18534
18551
18559
18574
18578
18579
142362782
24397987
18607
18627
18646
18647
121915608
101992666
104351991
18685
3714
18700
26233115
18715
53233950
18720
18740
18741
102779202
93342019
113264970
18768
95177044
18766
18776
135547243
106187117
18797
124799344
18800
18802
103827901
18884
18887
18901
31214046
18907
18911
18912
68438504
18914
53496303
18929
18940
18948
18954
74467854
18966
18974
18976
18980
18992
18999
19001
19002
19004
106449469
19006
19007
19008
19012
19014
19009
19018
19021
19022
19025
19027
19028
19029
19026
19031
19034
19030
19035
19036
19038
19040
19041
66865763
19042
129518185
3786
19050
19054
19056
19060
19055
17058424
19061
19064
19072
19074
19076
19078
19079
19081
19082
19087
19094
19095
19096
19102
19104
19106
19108
19111
19115
19116
19118
19120
19121
19122
19119
19125
19126
19127
19128
19129
19124
19130
19131
19132
19133
19138
19134
19140
23612102
19142
19144
19146
19147
19149
19150
19151
19152
19145
19154
19169
19212
19208
67128081
19215
34097944
19226
65293102
110906160
152324915
14175039
52710212
17058650
19317
19319
19333
15223690
19338
19342
19339
19345
20466586
19355
19354
106711971
19366
19380
19382
21777343
19400
19401
19405
86789071
19406
19422
19426
19428
19429
19436
19440
19444
19446
19454
19460
19462
103042060
19474
17845270
90459179
119295042
19548
56118379
19564
51924083
19575
19587
18893960
18631842
96750754
41176229
3900
19637
19639
19646
19652
50351303
35409107
19667
19680477
19686
136072433
19699
100420878
59526422
3923
19748
19754
81808696
67390786
19784
19802
113003873
49827171
19809
19812
19820
19832
3945
19849
121916821
19874
19877
19890
19894
19897
67128792
103304695
52973053
19986
